cigarette [319.93572998046875, 252.6908721923828, 48.428314208984375, 40.384368896484375]
jacket [81.81804656982422, 345.4493103027344, 158.9314422607422, 327.6328125]
suit [223.13778686523438, 347.5521545410156, 439.12060546875, 328.89569091796875]
wall [79.1089096069336, 97.4341049194336, 151.5585479736328, 194.8682098388672]
wall [366.7974548339844, 104.30216979980469, 186.01318359375, 207.354248046875]
collar [207.094482421875, 195.85699462890625, 107.11737060546875, 34.32856750488281]
bow [206.021240234375, 225.54232788085938, 61.33436584472656, 32.65068054199219]
man [225.69436645507812, 267.30352783203125, 440.88726806640625, 486.01171875]
moustache [209.26239013671875, 150.90036010742188, 88.54649353027344, 29.251602172851562]
hand [323.3612365722656, 347.7980651855469, 138.68701171875, 216.00816345214844]
beard [206.28912353515625, 176.6114501953125, 81.72068786621094, 44.689056396484375]
