53 0.8413067649812734 0.08567415730337079 0.08617158239700373 0.12078651685393257
43 0.8022751196740611 0.8386443763617251 0.3036384229472216 0.22146066500438025
49 0.42949730805243447 0.42556179775280895 0.5669183052434457 0.37640449438202245
76 0.5616558278435531 0.8553611904602385 0.29558606932860393 0.17563142549453714
39 0.6154465121722846 0.7478932584269663 0.0861715823970038 0.14747191011235955
86 0.5482214496681038 0.7545258207931905 0.6421804654153013 0.377603892328589
54 0.15437856443649967 0.5407202955278131 0.29242988168198814 0.10445243147435651
54 0.9113482614061965 0.5425977888414244 0.1700056392577457 0.11571739135602253
74 0.40060606060606063 0.13043988269794723 0.7842424242424242 0.24211143695014667
3 0.1393939393939394 0.6794049036385996 0.27636363636363637 0.18017595307917886
71 0.4569696969696971 0.6033248148880727 0.12121212121212079 0.020639217068996952
71 0.9624242424242426 0.6117735347993221 0.07272727272727217 0.015006737128164188
28 0.8812121212121212 0.6653372434017595 0.0824242424242425 0.11824046920821125
