lion [205.20472717285156, 130.57998657226562, 270.0575256347656, 115.50276947021484]
mountain [439.6497802734375, 168.33013916015625, 80.96676635742188, 35.86024475097656]
woman [264.6780090332031, 234.62149047851562, 312.2446594238281, 117.95729064941406]
sky [197.7666015625, 41.26252365112305, 383.191650390625, 72.3783950805664]
fabric [426.78515625, 207.3651885986328, 42.59698486328125, 39.29779052734375]
beach [70.83949279785156, 208.77940368652344, 133.21792602539062, 53.262969970703125]
mountain [74.72250366210938, 166.93804931640625, 139.37814331054688, 31.24957275390625]
stick [271.055419921875, 262.72296142578125, 145.3410186767578, 51.84429931640625]
moon [404.85845947265625, 26.839141845703125, 38.74517822265625, 36.563812255859375]
hand [298.219482421875, 231.07574462890625, 41.149505615234375, 45.43208312988281]
instrument [387.622314453125, 258.1241455078125, 140.94747924804688, 67.85720825195312]
sea [464.91082763671875, 190.761962890625, 31.362274169921875, 7.8019866943359375]
