40 0.5274698026287813 0.24380704041720994 0.18043518943926426 0.1590612777053456
22 0.5087835673591355 0.6662320730117339 0.37060897042609897 0.5919165580182527
75 0.8501329179295282 0.8142112125162972 0.2860867945613708 0.3663624511082137
62 0.3763016644372577 0.5136897001303781 0.19993565756277626 0.40156453715775753
83 0.15037347467001513 0.4211212516297257 0.22268859826652776 0.8265971316818763
83 0.8354970390315137 0.318122555410691 0.3186095386592349 0.6023468057366366
62 0.6452387878885587 0.5097783572359844 0.12356076449805647 0.27379400260756187
83 0.4706156901591325 0.08604954367666232 0.42425519866771244 0.14341590612777053
86 0.5071219081003203 0.6316818774445896 0.3250594915186637 0.6531942633637547
50 0.4868351986996055 0.4765319426336376 0.40149680827646933 0.5827900912646675
31 0.1680808954934336 0.8815445026178014 0.31658859998341893 0.21596858638743427
