stairs [328.5218505859375, 389.6650085449219, 111.2548828125, 171.435791015625]
wall [321.20159912109375, 153.68116760253906, 125.39273071289062, 290.8738708496094]
overcoat [150.90255737304688, 248.95040893554688, 85.54734802246094, 196.5176544189453]
floor [64.29840087890625, 426.4124755859375, 120.92057037353516, 106.55410766601562]
hat [203.24771118164062, 117.55322265625, 67.86080932617188, 76.1546401977539]
dress [197.88800048828125, 317.91485595703125, 144.0991973876953, 287.84808349609375]
overcoat [250.44259643554688, 247.10340881347656, 46.51576232910156, 127.40335083007812]
man [190.73793029785156, 232.1791534423828, 156.31582641601562, 298.6596374511719]
wall [54.182247161865234, 194.09954833984375, 102.90874481201172, 378.62646484375]
wall [174.95376586914062, 39.4006462097168, 193.68092346191406, 78.1113510131836]
woman [196.83668518066406, 309.1585388183594, 142.73306274414062, 311.19171142578125]
