28 0.6191155174334412 0.46007853403141363 0.20505736883145814 0.22905759162303668
40 0.2977435624454392 0.6969895287958116 0.21294419070959122 0.23691099476439795
74 0.8716557899764055 0.20484293193717282 0.2488042709267075 0.38612565445026187
81 0.12915472652738708 0.6092931937172774 0.22280271805725746 0.18455497382198943
67 0.7729085440570347 0.9358638743455497 0.13407597192826118 0.06806282722513089
67 0.9188154169919086 0.8992146596858639 0.1301325609891947 0.09685863874345545
32 0.8488192046340649 0.8645287958115183 0.07295310237273028 0.0641361256544502
11 0.5008292258073641 0.3743455497382199 0.49686977832237944 0.6308900523560209
39 0.3262658046229324 0.5719895287958117 0.07688983141766434 0.07068062827225115
78 0.5086779608889413 0.5595549738219892 0.4732106490668071 0.7107329842931933
73 0.4406758383459753 0.93520942408377 0.16759429672091314 0.06151832460733
73 0.5796857512739622 0.9587696335078532 0.12224239816399562 0.07984293193717268
54 0.5008171983979248 0.7002617801047105 0.9700710727373996 0.5732984293193695
74 0.1344878472115271 0.2035340314136126 0.2488042709267075 0.38612565445026187
