12 0.19360635371372792 0.15840938722294656 0.37157757496740546 0.3168187744458931
85 0.636897001303781 0.3142112125162972 0.07170795306388528 0.054758800521512364
85 0.7698826597131682 0.31225554106910036 0.07692307692307693 0.06910039113428937
85 0.9341590612777054 0.32333767926988266 0.0847457627118645 0.05997392438070406
85 0.21903520208604962 0.24837027379400262 0.052151238591916727 0.10299869621903524
85 0.08148631029986973 0.08800521512385923 0.06388526727509793 0.16818774445893095
85 0.2125162972620601 0.10104302477183834 0.052151238591916727 0.10299869621903524
12 0.7770534550195571 0.33116036505867 0.4406779661016956 0.1981747066492827
12 0.41851368970013025 0.332464146023468 0.31551499348109524 0.15123859191655803
40 0.6427640156453716 0.6192959582790091 0.35723598435462833 0.1355932203389831
40 0.36440677966101714 0.47457627118644047 0.16818774445893098 0.07301173402868283
40 0.13820078226857901 0.4106910039113426 0.17731421121251636 0.1747066492829201
40 0.24380704041721002 0.43741851368969953 0.06779661016949164 0.0847457627118634
50 0.8702737940026075 0.6238591916558018 0.12646675358539766 0.37157757496740557
62 0.1936114732724902 0.7457627118644067 0.36636245110821375 0.4719687092568448
50 0.666232073011734 0.48370273794002605 0.03129074315514984 0.0521512385919165
50 0.9556714471968709 0.5202086049543676 0.028683181225554223 0.06258148631029989
50 0.6290743155149935 0.45958279009126474 0.01694915254237287 0.045632333767927025
86 0.6479791395045632 0.7614080834419817 0.3102998696219036 0.44589308996088645
50 0.18578878748370273 0.6564537157757496 0.3455019556714472 0.6688396349413298
74 0.6897001303780965 0.12255541069100392 0.604954367666232 0.23728813559322035
40 0.5345501955671448 0.47262059973924364 0.11994784876140814 0.1056062581486307
77 0.7714668659964741 0.5806271714204002 0.45652951628019933 0.3207232705539046
16 0.49476439790575877 0.25719895287958106 0.9738219895287952 0.352094240837696
19 0.3586387434554972 0.6276178010471204 0.6623036649214655 0.637434554973822
