39 0.5227421465968587 0.36060209424083767 0.1721137407842719 0.09293193717277486
38 0.7958482476760338 0.49018324607329844 0.13797547814937502 0.25261780104712045
64 0.8150516368893581 0.5850785340314135 0.3584505247040283 0.5968586387434555
22 0.28092945293300564 0.6407068062827225 0.522030932791965 0.606020942408377
86 0.46940111122983225 0.5045811518324608 0.7965594614809275 0.5065445026178012
5 0.8371153435196068 0.5176701570680627 0.32576931296078643 0.9149214659685864
28 0.8243286094702479 0.9306282722513088 0.3513427810595042 0.13874345549738193
28 0.1223288692849746 0.9299738219895289 0.23043327278555406 0.1321989528795811
39 0.6984119564055988 0.7787958115183247 0.22189870712682985 0.11518324607329845
83 0.37125360615450376 0.17408376963350786 0.7339726466502833 0.33507853403141363
29 0.6258648604067382 0.5078534031413602 0.22190041430552243 0.16230366492146475
