33 0.6477856095176011 0.35723598435462844 0.0803455019556715 0.10951760104302473
76 0.9043857466944926 0.5338983050847456 0.11550327844934567 0.25162972620599755
81 0.6585316166883963 0.10951760104302478 0.6829367666232073 0.20860495436766624
76 0.05371103866417241 0.4576271186440669 0.08733570183942696 0.07040417209908721
76 0.12232361778525078 0.4349926634683287 0.1456250744798428 0.14865842864056844
76 0.18680297683798058 0.4335071707953062 0.038169787190145264 0.10039113428943933
71 0.11901177477183834 0.19947848761408082 0.18780761082138203 0.12516297262059972
20 0.530777901764798 0.6870925684485008 0.2741824927222406 0.2190352020860495
28 0.33996190514993485 0.5612777053455019 0.15566941003911347 0.2907431551499349
28 0.7657930655149934 0.5573663624511083 0.12754848435462848 0.32985658409387225
80 0.3399619051499348 0.3142112125162973 0.1516521349413298 0.14602346805736632
86 0.3424727020860495 0.4921773142112124 0.15466509126466746 0.7783572359843545
86 0.7592586893019825 0.5117340286831812 0.20288373996047337 0.7835723598435461
50 0.129556491485609 0.3422425032594523 0.08637141460234682 0.17340286831812254
50 0.019584216101694914 0.21577574967405477 0.025107969361147328 0.11864406779661019
76 0.7888171664248838 0.26426894151140634 0.40797072062911127 0.11408390125008779
3 0.4969696879842717 0.5448818897637796 0.9939345472440945 0.7527559055118109
