66 0.24028795811518325 0.9299738219895289 0.06455497382198956 0.027486910994764316
66 0.33801701570680626 0.9849476439790575 0.05917539267015709 0.030104712041884765
39 0.30753272251308883 0.9345549738219893 0.2851178010471202 0.1282722513089
6 0.48597041972834704 0.9195026178010469 0.4267281528402664 0.11910994764397818
40 0.6096858638743455 0.14921465968586387 0.5630628272251308 0.27225130890052357
28 0.8472718724648989 0.4738219895287957 0.28154467792025295 0.5628272251308903
28 0.1740983684555244 0.5029506027845828 0.2832961700991347 0.35688120777397186
86 0.49761457262142433 0.46007853403141363 0.8374214659685864 0.8965968586387434
44 0.4976145726214245 0.6865183246073298 0.9593696923331949 0.38089005235602086
72 0.5130910553207596 0.5850785340314136 0.35513857402090987 0.23036649214659705
29 0.4345946911962962 0.362565445026178 0.24575486262595725 0.1649214659685864
