32 0.9177169346660873 0.8305084745762713 0.15210777922642335 0.16949152542372886
32 0.8710705490366507 0.4074315514993481 0.2210633058090684 0.19687092568448508
66 0.7493827831758141 0.8546284224250326 0.03853397073736047 0.0299869621903521
24 0.32956582667078504 0.29986962190352023 0.06692742285962623 0.04432855280312908
32 0.23120382442416343 0.19165580182529332 0.12574243082717665 0.1877444589308996
32 0.7666232073011734 0.18448500651890484 0.16630450528755603 0.18122555410691008
22 0.4816746342170072 0.6720990873533246 0.8741127046211793 0.6323337679269883
86 0.4857308416630451 0.5130378096479791 0.81326959293061 0.9374185136897001
83 0.10688946194262665 0.14725130890052351 0.197490384036504 0.27879581151832455
83 0.8020074212716903 0.16884816753926696 0.37050656717843766 0.32984293193717273
