76 0.8137448942308844 0.8094758403588189 0.2984812431899897 0.21649261070651107
39 0.8072562358276645 0.7959183673469389 0.09433106575963719 0.13605442176870738
7 0.8539682539682539 0.18095238095238095 0.22585034013605437 0.09523809523809523
57 0.2330991716414456 0.6884353741496598 0.4589569160997731 0.4462585034013605
40 0.8539374458432601 0.277196742335825 0.21774756690585492 0.20842739500434046
4 0.8009070294784582 0.40748299319727893 0.07256235827664384 0.08843537414965986
62 0.7936507936507937 0.6054421768707482 0.4117913832199545 0.41360544217687073
4 0.26213151927437645 0.35374149659863946 0.1052154195011338 0.054421768707482984
86 0.4666666666666666 0.1727891156462585 0.2566893424036282 0.3183673469387755
86 0.13696145124716555 0.5666666666666667 0.2122448979591837 0.6625850340136055
50 0.2947845804988662 0.461904761904762 0.22312925170068024 0.6190476190476191
50 0.8240362811791383 0.5564625850340137 0.27664399092970526 0.6802721088435375
81 0.7138321995464852 0.15578231292517006 0.11972789115646265 0.30884353741496595
37 0.5800000000000002 0.3681818181818181 0.38666666666666666 0.0709090909090908
37 0.9606060606060598 0.4509090909090907 0.06424242424242493 0.2072727272727272
58 0.5042424242424243 0.28 0.9915151515151516 0.5418181818181819
