79 0.11696188074704242 0.7451108213820078 0.21190740747111214 0.49152542372881347
28 0.8887126709684658 0.8191920632333752 0.18403112742521596 0.2746292372881356
63 0.31511199591940636 0.19621903520208606 0.07154729264344127 0.10039113428943941
63 0.2566281265802754 0.24837027379400262 0.056416907183867514 0.05867014341590618
63 0.3694582131735979 0.24250325945241202 0.039904641666637986 0.05215123859191653
64 0.7665430427235407 0.4598786576434433 0.2295641332729646 0.2814007394580852
28 0.6529224989937839 0.6584093872229465 0.29584475718369546 0.07561929595827899
85 0.8097890214074641 0.08735332464146023 0.3701499520112283 0.16427640156453713
86 0.4741100636078459 0.46828082657740255 0.5770027082333481 0.5850847040090759
5 0.6784500023162856 0.6212516297262048 0.49798527735170156 0.5280312907431537
68 0.502762850709362 0.4829842931937173 0.9944742985812762 0.9554973821989529
