7 0.3238420428259986 0.6295903501072013 0.6476840856519972 0.3376580891107233
7 0.9423134584459706 0.41156698174706635 0.09743935606336011 0.23382496740547581
7 0.3238806050984646 0.10560625814863102 0.31399507071221516 0.14863102998696218
28 0.7679726205997391 0.4765319426336376 0.25120599739243815 0.10299869621903518
28 0.2099364406779661 0.4185136897001304 0.16148956975228163 0.19295958279009134
80 0.4037401738023695 0.3852672750977835 0.251202173999105 0.11082138200782289
80 0.7679726205997394 0.31225554106910036 0.3516883963494133 0.16036505867014342
50 0.7823272490221643 0.5104302477183833 0.3768089960886572 0.9608865710560626
86 0.36155720338983044 0.45045632333767927 0.5221496088657105 0.2959582790091264
71 0.09420224902216427 0.15058670143415906 0.18481584093872228 0.20730117340286833
3 0.4991037746866712 0.16688481675392658 0.9801808259630921 0.21858638743455483
74 0.49717931937172777 0.029450261780104712 0.9871531413612565 0.04842931937172775
