39 0.6096751412429378 0.3617992177314211 0.05705128205128211 0.08474576271186439
39 0.50620925684485 0.36245110821382004 0.05318339852238168 0.07822685788787481
15 0.21103477533326334 0.6138538926056516 0.11220625776489865 0.13868888591603346
39 0.09669708822251195 0.8904823989569752 0.14504563233376794 0.13820078226857888
39 0.3321544980443285 0.8324641460234682 0.11893741851368969 0.14732724902216418
7 0.7116956827829037 0.6916558018252933 0.5124814186687581 0.5514993481095176
71 0.8006508677893559 0.2229465449804433 0.3384398087787918 0.38070404172099087
71 0.22820512820512817 0.12777053455019555 0.38098652759669704 0.14863102998696218
40 0.2770371577574967 0.3833116036505867 0.2214363320295524 0.3598435462842242
40 0.5569752281616688 0.09061277705345501 0.11990438939591484 0.11342894393741851
50 0.5482764348948094 0.2985658409387223 0.18759235115167314 0.5371577574967406
50 0.25963723363967894 0.5482398956975227 0.3722794066864859 0.7131681877444591
7 0.4225483078490794 0.2000796179217442 0.193214076921804 0.2458066318983036
76 0.5658549174371843 0.8303896314717586 0.8550726418914377 0.2933753898965762
76 0.3358480073942323 0.3738510447201175 0.6334636469109324 0.07033107370303433
