39 0.6235723598435463 0.7979139504563233 0.19840938722294646 0.2216427640156455
39 0.853868970013038 0.7861799217731421 0.17006518904823992 0.19035202086049538
36 0.1922090938722295 0.46675358539765327 0.341901890482399 0.2268578878748371
36 0.8892992177314213 0.5554106910039114 0.19132333767926993 0.29986962190352023
36 0.48096561277705346 0.12777053455019555 0.6359729465449805 0.15645371577574965
36 0.7502354954367667 0.33637548891786184 0.17537972620599745 0.23728813559322035
28 0.9557197908840278 0.8852672750977832 0.0885604182319441 0.20078226857887904
36 0.7667942841635488 0.9139504563233379 0.18778639333303782 0.1616688396349405
50 0.43490629074315523 0.5423728813559322 0.7068334419817471 0.8526727509778358
80 0.07048544582313596 0.7798726253779938 0.12055684034257855 0.4402547492440124
80 0.3719725908988602 0.7441099476439791 0.46934757614072153 0.2971204188481675
36 0.3175284138055484 0.7219891874918942 0.24413504514434844 0.3210987255711723
80 0.6215349377285102 0.5455794316607165 0.291204424932631 0.15491443510788638
29 0.5746130392785819 0.34358638743455516 0.16715914509583885 0.17146596858638735
