32 0.6671076326625807 0.21316818774445892 0.056892260282090774 0.04563233376792699
32 0.03028136434369349 0.7672750977835723 0.053221791876794614 0.04041720990873529
32 0.9662508076942194 0.7007822685788787 0.05322179187679467 0.08474576271186436
32 0.3184131341594436 0.5521512385919165 0.06423319709268316 0.032594524119947794
32 0.1284663941853663 0.8533246414602348 0.13213686259066248 0.0795306388526727
81 0.11745498896947776 0.136245110821382 0.0880912417271083 0.07431551499348109
81 0.8717117625221249 0.4928292046936115 0.2565764749557488 0.9778357235984355
81 0.12571543747967628 0.046936114732724896 0.2477932462576138 0.08604954367666232
81 0.24595085468367756 0.09322033898305083 0.0880912417271083 0.07431551499348109
28 0.5319440791136829 0.4545274125288734 0.6600720760311277 0.6937772875070788
86 0.6199205410152114 0.5548330341235647 0.5218160887243126 0.861568837587116
37 0.13812915657259395 0.39267015706806224 0.26519857746780695 0.4397905759162293
67 0.060801389109137745 0.21465968586387438 0.058958099829574256 0.052356020942408384
47 0.18405947844149634 0.35340314136125656 0.3500136468046282 0.7068062827225131
47 0.4892876455678905 0.056937172774869114 0.978575291135781 0.1138743455497382
29 0.5907054726490674 0.2768324607329841 0.13450919781477655 0.11649214659685886
