39 0.42338023560209415 0.4816753926701571 0.16860274869109942 0.10994764397905754
50 0.9301625892146564 0.33049738219895275 0.04306099297133078 0.06675392670157047
86 0.8307944625898811 0.35929319371727736 0.08056106241436019 0.17146596858638768
69 0.6920238929920168 0.24537229002926672 0.1903419573148983 0.19810361155142414
69 0.5009803675052238 0.21383996910101363 0.12561519010291214 0.15679430535668218
22 0.7072166050580883 0.5837696335078533 0.4664825749528781 0.6465968586387436
30 0.1742235531827474 0.579188481675393 0.25852421465968584 0.03010471204188528
30 0.3316199798868083 0.5883507853403137 0.08986942655996417 0.027486910994763556
79 0.2669771638898011 0.6884816753926702 0.39153304973821973 0.14921465968586398
76 0.4037384017885539 0.6109612490996019 0.36358423253800715 0.7766928439121376
68 0.5046830532515583 0.4973821989528795 0.98688574001097 0.9712041884816752
20 0.9438008659411616 0.5261780104712042 0.11239826811767616 0.03926701570680619
13 0.9386205285250511 0.4888743455497383 0.08991647588830722 0.03272251308900501
2 0.10490160471154378 0.8304973821989526 0.20980320942308756 0.31020942408377
