39 0.8643132419933492 0.43601399233181043 0.16340052433988034 0.1703174993945933
40 0.18213005215123862 0.8696219035202085 0.36072359843546287 0.24511082138200777
33 0.7355932203389831 0.9569752281616689 0.15914276401564537 0.07561929595827892
33 0.8425664646456988 0.9628422425032594 0.1326068536721015 0.06649282920469382
64 0.2740366207684137 0.5472831448187242 0.4170452324157044 0.27333760619656594
20 0.667515482398957 0.16492829204693613 0.17859354628422422 0.10560625814863105
41 0.45797750977835733 0.11994784876140807 0.14146023468057373 0.09908735332464143
81 0.35718709256844855 0.07692307692307693 0.10609517601043024 0.15384615384615385
83 0.12984145993149077 0.1563871615118399 0.25260990812895284 0.3049516372348923
85 0.8558344198174708 0.09908735332464146 0.2687744458930899 0.19295958279009123
86 0.6389998882510907 0.5312907431551496 0.6529324268876491 0.6088657105606254
29 0.7888073983666989 0.37630890052355986 0.11892929127095699 0.09031413612565445
31 0.22811272905759147 0.3854712041884815 0.410070353403141 0.15052356020942384
21 0.513920323802936 0.10732984293193715 0.5094715001905336 0.21465968586387427
37 0.6344687209734278 0.08115183246073297 0.17572178682566209 0.05235602094240833
22 0.7807062555221281 0.5386125654450258 0.41170176927393365 0.2787958115183246
