55 0.3250934546121252 0.621251629726206 0.209063314863103 0.07170795306388528
4 0.2984378819670795 0.742503259452412 0.2080179982887875 0.1238591916558019
32 0.5409513272082791 0.5990873533246415 0.14948027012711868 0.24380704041720996
32 0.8095976868073663 0.6251629726205997 0.15366153642438063 0.2542372881355932
32 0.7223137528520209 0.8846153846153846 0.13380052151238586 0.152542372881356
32 0.6773651401564535 0.2496740547588005 0.12961925521512385 0.30378096479791394
32 0.38938042393252914 0.19882659713168194 0.14738963697848756 0.21773142112125166
32 0.09930507455997391 0.11277705345501957 0.18815698337679268 0.1108213820078227
4 0.8691807315433507 0.316818774445893 0.0909425419654498 0.06518904823989569
55 0.844615792046936 0.2685788787483703 0.064809627607562 0.031290743155149875
44 0.895952066221279 0.4021194071633126 0.2080958675574395 0.2919394271830961
44 0.3527943438314863 0.8265971316818775 0.6972261550684484 0.32855280312907426
50 0.26028382700456326 0.5475880052151239 0.5059332219687093 0.7405475880052151
50 0.9091036013142966 0.28517397881996975 0.17102549404311645 0.4462934947049924
63 0.889089979670953 0.2904689863842662 0.21347863086232977 0.5748865355521936
83 0.5931309687027232 0.31467473524962175 0.38086528460665653 0.5809379727685325
