22 0.6478120925684485 0.6714471968709256 0.6559892438070405 0.6440677966101692
51 0.25530883311603647 0.8839634941329855 0.17626303780964797 0.16688396349413295
51 0.15173158409387225 0.9348109517601043 0.18716590612777054 0.11994784876140799
86 0.17444589308996086 0.5417209908735332 0.2907431551499348 0.4471968709256845
32 0.785006518904824 0.2346805736636245 0.08358865710560621 0.08604954367666232
32 0.5633148631029987 0.11082138200782268 0.17808018252933508 0.04432855280312906
32 0.4824519230769231 0.2542372881355932 0.12174869621903518 0.10691003911342896
86 0.6342077564047037 0.5306388526727507 0.6722640913475887 0.915254237288135
29 0.6484091161440467 0.25719895287958117 0.18059489028845196 0.15052356020942403
80 0.1687453896812733 0.47774869109947643 0.1915494109947644 0.08115183246073297
83 0.5025891688481676 0.14921465968586387 0.9431528141361258 0.27225130890052357
