32 0.6147734680573664 0.2561929595827901 0.18054106910039117 0.25945241199478486
32 0.9151564537157759 0.2953063885267275 0.15563885267275096 0.22033898305084748
32 0.7805288461538461 0.19947848761408082 0.17275912646675365 0.1929595827900913
32 0.6995966427640157 0.04758800521512386 0.24124022164276404 0.09256844850065189
32 0.05758637548891787 0.3318122555410691 0.10272164276401564 0.19426336375488915
14 0.7111902787783013 0.6088631507812443 0.29257065211877087 0.7614029638832185
22 0.36805802903322365 0.6838331160365059 0.5649690352020862 0.590612777053455
34 0.3890971316818775 0.5528031290743155 0.47314211212516305 0.8735332464146023
14 0.14048033186973266 0.616060076576446 0.2289847229127438 0.7673729681221451
37 0.9179687499999978 0.6918766361256539 0.15156249999999966 0.6062663612565443
