85 0.10609517601043025 0.2288135593220339 0.0655149934810952 0.1499348109517601
85 0.1985006518904824 0.22946544980443284 0.060625814863103006 0.15123859191655803
85 0.28552803129074317 0.23011734028683178 0.05280312907431551 0.15775749674054754
85 0.022490221642764013 0.22555410691003913 0.037157757496740544 0.1538461538461539
85 0.09729465449804434 0.48370273794002605 0.1320078226857888 0.22425032594524125
85 0.27330508474576276 0.47913950456323334 0.13787483702737938 0.20990873533246415
40 0.5514973760038567 0.5169491525423727 0.0449817580226352 0.035202086049544036
40 0.7070255168560255 0.5084745762711863 0.043025429206884375 0.033898305084745776
83 0.7822685788787485 0.38917861799217734 0.25619295958279026 0.13168187744458934
1 0.7138200782268579 0.6329856584093873 0.5671447196870926 0.10039113428943928
40 0.8184485006518905 0.530638852672751 0.04106910039113416 0.03389830508474574
86 0.7543992747033624 0.5299869621903521 0.044002607561929634 0.10039113428943942
50 0.548076923076923 0.5704041720990873 0.07920469361147325 0.1786179921773143
50 0.6986636245110822 0.5345501955671448 0.07333767926988259 0.12255541069100395
50 0.8414276401564539 0.5697522816166883 0.09485006518904825 0.12255541069100395
77 0.15878787878787878 0.7369651260075506 0.31757575757575757 0.2391919191919193
12 0.1672727272727273 0.37731888582797685 0.3345454545454546 0.46063087440057165
