50 0.6259278574532812 0.7177314211212515 0.19521512385919174 0.24902216427640156
63 0.31141460234680574 0.5071707953063885 0.09605823554976098 0.06779661016949155
63 0.5523348544111255 0.4765319426336376 0.13789004780530206 0.18383311603650576
63 0.9489624076488483 0.3970013037809648 0.09141025641025635 0.13428943937418508
12 0.5067969559306162 0.42959838768029385 0.9640154677065172 0.8383362799238211
31 0.4961737876504803 0.9181937172774868 0.9643542757417102 0.137434554973822
31 0.40892787571928096 0.7755235602094237 0.251873361143891 0.13743455497382237
21 0.4471918641946624 0.4208115183246073 0.6672643648221895 0.825916230366492
21 0.3312969125013396 0.5163612565445022 0.21146274272630136 0.396596858638743
83 0.853213104355163 0.42342931937172834 0.2721325832100531 0.836387434554975
83 0.06684044797612886 0.43128272251308963 0.1336808959522577 0.836387434554975
83 0.526531162410718 0.5222513089005237 0.1570154499844698 0.371727748691101
