51 0.3619056554524044 0.94393741851369 0.1885759984495837 0.09647979139504517
51 0.23929234115181405 0.7640156453715773 0.14601600505599022 0.05736636245110855
51 0.37001232086070807 0.7933507170795306 0.1277760078873072 0.10039113428943935
51 0.09935466510498142 0.7542372881355925 0.19870933020996287 0.10039113428943931
51 0.2585456714965348 0.8428943937418504 0.16425600222467318 0.10039113428943935
51 0.10147902921065477 0.8468057366362445 0.18654933209750765 0.10039113428943935
8 0.34977989330488507 0.6577574967405476 0.46429781501489464 0.13428943937418525
8 0.6153566877803264 0.5977835723598435 0.39941777099534603 0.13950456323337676
55 0.2372176609464745 0.3474576271186441 0.1986951348098675 0.061277705345501976
40 0.17842012105375857 0.05867014341590606 0.34062023110263 0.10430247718383297
14 0.826206810561439 0.15580182529335074 0.1682826141757043 0.14732724902216426
50 0.22810517757394833 0.25423728813559315 0.45621035514789665 0.5006518904823988
83 0.6386508254761738 0.10821382007822673 0.1581776732155164 0.21642764015645347
79 0.7033244513562948 0.4956952991199995 0.5933510972874099 0.5924884666347703
45 0.8864638452003001 0.5981675392670156 0.20960139339530443 0.6753926701570679
