40 0.7956587001027999 0.17992177314211197 0.21192472669834103 0.14602346805736613
40 0.4073241676271039 0.06779661016949153 0.16892655367231632 0.11473272490221642
40 0.5197278555350875 0.28226857887874834 0.12796165407918417 0.10821382007822682
76 0.2225693278534828 0.6142036963226707 0.44513865570696476 0.27291431329504007
7 0.5522088186707034 0.6564537157757491 0.8955823626585933 0.6714471968709251
0 0.4868359839527989 0.3122555410691002 0.19990380796476115 0.1707953063885267
12 0.24189482833550627 0.043676662320730114 0.06597131681877447 0.04041720990873533
12 0.7976557233463416 0.009778357235984353 0.04997827031725336 0.019556714471968707
12 0.5417644502390264 0.04823989569752282 0.06996957844415469 0.036505867014341595
44 0.7376881216730824 0.49152542372881397 0.5096856241934605 0.3963494132985654
50 0.7906562364189482 0.4810951760104302 0.3438504997827032 0.834419817470665
86 0.40682312038244234 0.1166883963494133 0.23189917427205553 0.22294654498044328
22 0.37233432023907054 0.32073011734028684 0.18092133854845716 0.2764015645371578
71 0.22540494972762026 0.18904823989569752 0.1429378531073446 0.2503259452411995
71 0.2379217484466695 0.36251712243988565 0.11063461315846296 0.10693479444820325
71 0.6095757763997962 0.14732724902216432 0.15792501149507623 0.15123859191655803
71 0.05603560099815726 0.8759664895284937 0.10578431589316929 0.2382639083722531
71 0.9424274262305733 0.1892576287689999 0.10578431589316929 0.2382639083722531
58 0.7871954468320678 0.03481012658227844 0.4126344227915598 0.053797468354430326
