73 0.17527339931573802 0.20454545454545453 0.06758614369501466 0.13343108504398826
40 0.7153470012539561 0.15687302951351892 0.1912627856106866 0.12777588265725945
0 0.7961588090574078 0.9406158357771262 0.07117881068568509 0.10117302052785934
0 0.8290525087346148 0.8834310850439878 0.08830418657968962 0.15395894428152493
22 0.610949819488367 0.6155470355542494 0.7028387078950693 0.5660075921275103
59 0.7074003684752248 0.29545454545454547 0.09191715542522004 0.05425219941348974
81 0.08065279814271747 0.37800557589639494 0.152294110459433 0.7307923672687945
39 0.2509698802541545 0.9230205278592376 0.05316776637341153 0.0806451612903227
32 0.30053203720442223 0.9765395894428153 0.035144794721407635 0.04692082111436946
32 0.7037967892375672 0.8533724340175952 0.1333699902248292 0.21700879765395914
74 0.4122744614468465 0.10483870967741934 0.4136271994134897 0.19794721407624633
86 0.658751794993659 0.3533724340175952 0.55330522971652 0.565982404692082
58 0.15705500780143244 0.7360154320452088 0.21580555815755012 0.3018214209281203
74 0.298925555539355 0.25375389705414536 0.18692938759850716 0.08157640539774501
74 0.8135417112370028 0.04270853216262662 0.25118063907548127 0.0736868590466602
