40 0.35465810586649305 0.5997747168498495 0.13962692602869237 0.12212901935546888
40 0.29807570320929 0.35528031290743184 0.04837060780979916 0.04563233376792655
40 0.4565591178137129 0.3344198174706649 0.048383854845719235 0.035202086049543696
40 0.5739148739678401 0.34289439374185143 0.02985386788352898 0.02868318122555408
40 0.08081133202955237 0.34810951760104303 0.04632496740547588 0.04172099087353324
40 0.6841664434226193 0.47878603784442547 0.055525160179048495 0.0555177995575346
60 0.6017017819986121 0.6179921773142116 0.12248765786945391 0.20078226857887807
14 0.664002997619854 0.8122555410691008 0.14001386724361672 0.17470664928291993
14 0.15978152477179283 0.8624511082138206 0.20788636392345158 0.21773142112125116
48 0.9270140699695787 0.6779661016949154 0.1286804650152108 0.07040417209908739
79 0.932161288570187 0.8585397653194264 0.13073935245545415 0.27509778357236003
79 0.3319927058143546 0.5394321057137761 0.5660824995915412 0.34416675132349667
85 0.11632921022311297 0.2431551499348111 0.12971404843405746 0.16036505867014333
85 0.40750105858946073 0.181504935742224 0.10698825202022903 0.28358938309731085
85 0.2737707620112396 0.16562724681915483 0.1400043459365495 0.31802842683105115
85 0.5055727330480471 0.21440788116567255 0.07674505588257877 0.23618863367359758
50 0.08975922791851698 0.42736478028987535 0.109445080050691 0.18980126853281526
50 0.23054033531421608 0.5084745762711864 0.11735327233489229 0.3702737940026077
50 0.37820610447497527 0.7750977835723597 0.23569169361354964 0.44980443285528077
50 0.4600139696197861 0.4830508474576273 0.12146939133588902 0.31942633637548895
50 0.2902240608286693 0.42503259452412 0.11323715333389553 0.1851368970013039
50 0.8689137309756211 0.6284704906902825 0.16599679933304448 0.5581143842488845
62 0.717785922057208 0.4771838331160364 0.09574364757965896 0.20078226857887915
50 0.5945817816912391 0.6955671447196875 0.2480110727254655 0.45501955671447175
62 0.5729713289962602 0.4178617992177316 0.058661319282164975 0.10039113428943892
63 0.9630446001738376 0.24119947848761414 0.06897272924815297 0.08604954367666234
85 0.760368990183627 0.31539182523326853 0.07745788475664982 0.19271324629443845
27 0.36036976168835183 0.6536025872234354 0.08285901016502777 0.053154874711949344
85 0.5758783072613055 0.20979958623479697 0.07674505588257877 0.23618863367359758
83 0.931448900034167 0.1874039938556066 0.12498054920524151 0.2672811059907832
83 0.6707305893347069 0.1943164362519201 0.09703020993343571 0.25652841781874036
48 0.7610906848867445 0.9646697388632868 0.05700667343894441 0.043010752688172824
48 0.8238896493546041 0.9480152923414021 0.06708003725683398 0.05582801228741687
48 0.8059521933989215 0.9907834101382488 0.03759920634920633 0.018433179723502207
2 0.8156602022529443 0.9569892473118279 0.17101574500768052 0.07680491551459298
50 0.9642056463948677 0.3978494623655912 0.05579237071172556 0.12903225806451593
78 0.4687333798220892 0.46236559139784944 0.08368784351606334 0.1781874039938558
78 0.09401012924895041 0.5384024577572964 0.10794183324179393 0.29339477726574487
78 0.37382710210208236 0.8341013824884789 0.17948593693414044 0.31950844854070776
10 0.3712616867547369 0.7135176651305685 0.0630696364567332 0.04147465437788028
48 0.3764741620629375 0.46543778801843294 0.052144474669389415 0.039938556067588366
48 0.1938690649638899 0.5527288393964228 0.04105274616284269 0.045081866697777286
48 0.38417898136874484 0.5143263816391263 0.04105274616284269 0.045081866697777286
48 0.34902619426211556 0.5266151681214611 0.04105274616284269 0.045081866697777286
48 0.31144907701020147 0.5342956596729205 0.04105274616284273 0.045081866697777286
48 0.2823571152667842 0.5588732326375903 0.04105274616284269 0.045081866697777286
48 0.2459921630875125 0.5742342157405088 0.04105274616284269 0.04508186669777715
48 0.26053814395922115 0.5250790698111694 0.04105274616284269 0.04508186669777715
48 0.22659752192523436 0.5404400529140879 0.04105274616284269 0.045081866697777286
48 0.41690743833008925 0.5051097917773751 0.04105274616284269 0.045081866697777286
48 0.40721011774895016 0.5496566427758389 0.04105274616284269 0.04508186669777715
48 0.5332752853037585 0.49128490698474825 0.04105274616284269 0.04508186669777715
48 0.5247901297952617 0.45902684246861924 0.04105274616284269 0.045081866697777286
50 0.6331221198156682 0.39554531490015366 0.038812083973374316 0.08755760368663594
50 0.6537410394265234 0.3748079877112136 0.024257552483359035 0.09523809523809526
50 0.6980110727086535 0.3794162826420891 0.05700524833589356 0.1105990783410138
50 0.37841781874039965 0.412442396313364 0.03638632872503844 0.047619047619047485
8 0.9459707977681018 0.8264208909370201 0.09700954593919436 0.1413210445468504
8 0.9338981694828469 0.7288786482334869 0.13220366103430636 0.05683563748079876
68 0.5006534672127709 0.5906298003072198 0.9889957449933192 0.7941628264208912
