55 0.6804814822359844 0.273142112125163 0.10174482561929601 0.03259452411994783
4 0.6824962312581487 0.3259452411994785 0.10375957464146027 0.0677966101694916
8 0.1274302117725582 0.5964797913950458 0.16420204530638854 0.19165580182529304
79 0.6356533164928286 0.857235984354628 0.6165132007822686 0.1447196870925673
11 0.2931519764533999 0.4315514993481095 0.3908493228428742 0.4119947848761407
50 0.7192654009126467 0.44067796610169496 0.429141541720991 0.7327249022164277
85 0.5063853241225443 0.49087353324641486 0.9872293517549113 0.9817470664928297
44 0.36307027024222777 0.535202086049543 0.23073871077529026 0.29595827900912774
78 0.697898999132227 0.5533751962323393 0.38675832700529994 0.41287284144426956
10 0.6652194975474734 0.43485086342229223 0.10307624874326922 0.15698587127158525
