32 0.20661896243291594 0.5807182718143526 0.06440071556350628 0.11118317427962567
9 0.5223613595706619 0.7645981369691183 0.04472271914132378 0.19157716183566278
9 0.49284436493738826 0.8381500830310245 0.041144901610017895 0.22236634855925133
9 0.45214669051878353 0.8253212552295293 0.04203935599284435 0.17618256847386832
9 0.37701252236135957 0.8287422759765946 0.043828264758497326 0.22749787967984958
40 0.4010919808525215 0.3320685285539762 0.13628902201847154 0.14605278115919035
40 0.11099854364822223 0.165923470430223 0.19200179791934935 0.1640146846418552
40 0.8342910452974379 0.5777891278617636 0.20220716343362655 0.20228243655575504
40 0.6855992844364937 0.14710389212381247 0.07423971377459751 0.12657776764142004
40 0.8108228980322003 0.12315674689435462 0.10644007155635052 0.11631470540022379
40 0.5849731663685153 0.1684852717929712 0.06618962432915922 0.06670990456777542
40 0.6353994526397552 0.3401348100235338 0.1135127090035364 0.11597857931440426
40 0.5270067369948529 0.43830871839173596 0.1305795572307457 0.14255492649525364
40 0.6698190303078985 0.5415018423715139 0.12508091057202086 0.11552727600157396
20 0.29203935599284436 0.823611887786889 0.11359570661896243 0.3232864605976809
40 0.18373409762001514 0.6778149732726483 0.22922158078693325 0.23798087027352297
86 0.1583184257602862 0.7654533921558846 0.18783542039355988 0.44302218674497007
86 0.6833631484794276 0.661967514557156 0.1681574239713774 0.3797333029242601
86 0.6346153846153847 0.4079567240875497 0.08676207513416813 0.172761547726803
86 0.40250447227191416 0.4045357033404842 0.16636851520572452 0.3438125850800733
50 0.13059033989266547 0.29506303943439127 0.22719141323792486 0.4738113734685587
50 0.5881037567084079 0.23776094192104572 0.0885509838998211 0.18473512034153192
50 0.6891771019677997 0.23006364524014855 0.0760286225402504 0.3403915643330079
50 0.8054561717352415 0.3831428943624017 0.18336314847942758 0.2873657427534941
86 0.9436493738819319 0.27881319088583056 0.09302325581395351 0.32841799171827896
79 0.5120751341681572 0.9384235247705459 0.4516994633273701 0.11454590555117913
50 0.8385635789112246 0.764236902050114 0.1524677296886864 0.44419134396355353
19 0.7659121108580106 0.520501138952164 0.4478739559605163 0.876993166287016
47 0.2608225515697588 0.32118451025056954 0.1453379863528961 0.23690205011389537
