81 0.599887770399637 0.26857887874837005 0.25633608171852845 0.5110821382007819
81 0.7735005976506676 0.11408083441981745 0.13144067796610173 0.13168187744458928
67 0.16345827900912646 0.6192959582790091 0.3269165580182529 0.2581486310299869
67 0.15250548817669876 0.8924380704041723 0.2881596073833845 0.10299869621903511
67 0.2376043024771838 0.9680573663624509 0.31343546284224244 0.05345501955671419
57 0.6841817531307101 0.7790091264667538 0.5830393964200279 0.27509778357236
57 0.24355439444971527 0.5462842242503245 0.3891695855182167 0.5189048239895683
58 0.5038767883533593 0.3255245841211765 0.9740508387666924 0.6327962347351822
11 0.20560826536506668 0.5097783572359843 0.38762461417211513 0.6205997392438068
11 0.6833511646438248 0.7516297262059974 0.5914507049510962 0.3533246414602347
37 0.8585772490221644 0.5677966101694915 0.2308637548891785 0.3455019556714472
84 0.8458122184839137 0.325026715426317 0.27685787191528877 0.12913143933423213
