40 0.3029752002355336 0.2959582790091264 0.16186743472381257 0.08604954367666254
40 0.5385089162756427 0.31551499348109524 0.13696219035202084 0.12777053455019563
40 0.7615927857453282 0.2992177314211213 0.17639069969578458 0.12907431551499346
40 0.3455182529335072 0.03585397653194264 0.14733811386353757 0.0560625814863103
65 0.3750896349413299 0.12451108213820081 0.06121794871794876 0.04041720990873534
65 0.5898712516297262 0.13428943937418517 0.03216536288570183 0.09647979139504566
65 0.5898712516297262 0.13428943937418517 0.03216536288570183 0.09647979139504566
65 0.6127038345860076 0.136897001303781 0.032165362885701605 0.08604954367666232
65 0.6344985728624577 0.13820078226857888 0.02386260544705414 0.06779661016949161
65 0.6625203792178935 0.13428943937418517 0.03216536288570183 0.09647979139504567
28 0.8643144285093439 0.13037809647979143 0.23449587136027816 0.2112125162972621
62 0.8373362703933626 0.698826597131682 0.28845067362016524 0.5528031290743156
65 0.5250217296827466 0.6799217731421123 0.06433072577140372 0.05345501955671452
14 0.1468193176879618 0.7092568448500652 0.23968383311603655 0.547588005215124
55 0.31905964797913955 0.41134289439374194 0.04046610169491526 0.03780964797913953
62 0.5468111690569318 0.46675358539765327 0.31127770534550203 0.13298565840938723
62 0.2666584586305078 0.5593220338983051 0.3258039982616253 0.2868318122555411
79 0.4829924265867629 0.8376792698826602 0.4679561689988388 0.3011734028683178
62 0.34396186440677967 0.21382007822685792 0.19610495436766623 0.16949152542372886
50 0.2661424380704042 0.4830508474576271 0.27703715775749677 0.49934810951760106
50 0.3548565840938723 0.22816166883963496 0.23449587136027816 0.42764015645371584
50 0.5478386682609119 0.4361147327249023 0.2220447631464581 0.4602346805736638
50 0.8010212950890917 0.48500651890482416 0.25317253368100834 0.5501955671447198
83 0.11724793568013908 0.2066492829204694 0.21166883963494137 0.39243807040417217
68 0.5017232341607977 0.4839939024390243 0.9764315804588941 0.9192073170731706
