51 0.3961105565514994 0.47783572359843546 0.054397205019556694 0.06127770534550194
32 0.8411785976205997 0.6245110821382007 0.1908847376140808 0.17992177314211225
32 0.7922211131029988 0.7483702737940027 0.1641806551499347 0.1981747066492828
58 0.4999597661342894 0.09973924380704041 0.9880510511734028 0.1890482398956975
67 0.4514971455619646 0.22294654498044322 0.17506001973170307 0.0834419817470666
67 0.6369418187744459 0.273142112125163 0.11275057040417209 0.10039113428943938
67 0.7803526320078227 0.303129074315515 0.13253137222946548 0.15775749674054765
50 0.9168401646023469 0.257496740547588 0.03956160365058665 0.10821382007822682
50 0.9529405100442224 0.23142112125162975 0.026704082464145955 0.11082138200782268
50 0.8762895208604954 0.25945241199478486 0.03956160365058665 0.12255541069100392
57 0.6216116973598436 0.4335071707953064 0.12165193122555408 0.16036505867014342
86 0.16912585560625815 0.590612777053455 0.21758882007822689 0.5241199478487614
86 0.42578175928943934 0.6003911342894394 0.21659977998696217 0.5619295958279008
86 0.7051855850717079 0.34745762711864403 0.06923280638852675 0.2907431551499348
86 0.6146884167209908 0.41655801825293354 0.11571769067796617 0.22816166883963496
67 0.536554096666796 0.27705345501955675 0.11176153031290738 0.06388526727509777
47 0.49999999999999994 0.5129469794624921 0.9999999999999999 0.8438080648530327
