30 0.1350620416401276 0.8507170795306387 0.21790123783653695 0.0717079530638855
30 0.19636205235189938 0.9159061277705343 0.34571828144831634 0.07431551499348182
30 0.5856419040291151 0.7789041153265478 0.219089257508925 0.2991902916550891
30 0.38352272335486204 0.9452411994784867 0.25833315979536486 0.08083441981747144
30 0.5543802000195881 0.9576271186440651 0.2322480488541856 0.07431551499348177
30 0.5493594467898452 0.5751549479052633 0.2049533982746891 0.14692170285558567
30 0.5650041364945753 0.6937892482411246 0.2642687019218259 0.19909247636899963
30 0.4219788514530221 0.745053520332958 0.20580287914821113 0.19152663937982936
39 0.6987806890289369 0.27183833116036493 0.21528048870489286 0.11603650586701438
39 0.4045089091699262 0.5319426336375489 0.20355932203389832 0.15906127770534553
50 0.5095461495451413 0.5254237288135585 0.5493865220161905 0.7979139504563224
71 0.22639450239026515 0.5736636245110821 0.2153031290743156 0.21903520208604946
71 0.8951470246939702 0.6525423728813559 0.169632768361582 0.2803129074315514
74 0.37580182529335077 0.06258148631029986 0.5663124728378967 0.10169491525423728
74 0.8423041763252265 0.17861799217731422 0.07698717948717956 0.30247718383311606
74 0.18790091264667538 0.29139504563233376 0.1618035636679705 0.3116036505867015
40 0.2880093366173787 0.19165580182529326 0.12396546715822994 0.14341590612777058
2 0.6688609380489475 0.4770942408376964 0.39944866355331143 0.339005235602094
