81 0.019084942950710233 0.5274869109947646 0.03179554035168224 0.13874345549738182
74 0.1776848821989529 0.20746073298429318 0.3266852094240838 0.39397905759162305
74 0.8912254581151834 0.2696335078534031 0.21754908376963342 0.49999999999999994
22 0.486014642998686 0.7225130890052354 0.8255361590288065 0.5471204188481674
86 0.5528703536638788 0.4299738219895288 0.6342600800984545 0.6086387434554977
46 0.9469882837758914 0.7323298429319374 0.10283372009344836 0.3939790575916227
46 0.05141686004672417 0.799083769633508 0.10283372009344836 0.3939790575916227
18 0.02541294116726809 0.886125654450262 0.041431976283348264 0.039267015706806525
18 0.04295826380342506 0.8455497382198951 0.035071598423061665 0.03403141361256539
81 0.04700064010971821 0.5111256544502617 0.033465314136125655 0.106020942408377
81 0.1267244021297011 0.5366492146596858 0.09720876963350789 0.07329842931937172
29 0.6988181058488552 0.35602094240837673 0.13861915948770334 0.17539267015706822
