22 0.4181588874810406 0.59387222946545 0.5355212783111856 0.5984354628422426
40 0.6258148631029987 0.1258148631029987 0.26534550195567147 0.10821382007822689
40 0.397035396077397 0.1864406779661016 0.28784840035163217 0.20599739243807044
40 0.08559255636228894 0.2601043024771838 0.1501191945258946 0.07692307692307697
39 0.7560519150219983 0.2561929595827903 0.30025601350228714 0.12646675358539747
42 0.6485909404816799 0.2842242503259447 0.6102371987894197 0.16949152542372875
81 0.8723859191655802 0.09778357235984353 0.20276401564537153 0.19556714471968706
50 0.7522294654498043 0.48565840938722304 0.47812255541069093 0.880052151238592
86 0.3693923266936683 0.46740547588005216 0.7381795472535689 0.8122555410691004
6 0.5217004779714258 0.39634941329856566 0.16274711330777586 0.026075619295958374
39 0.421653816014812 0.3767926988265969 0.15771415772720468 0.06258148631030022
