8 0.8367899214659686 0.35602094240837695 0.19419175392670154 0.08376963350785342
79 0.8358758705242773 0.545157068062827 0.31252672699625034 0.48821989528795795
39 0.42104303010471206 0.581151832460733 0.14652650523560212 0.0916230366492146
39 0.6408273338448776 0.4502617801047121 0.08473821989528794 0.08376963350785345
69 0.34352144199288515 0.27837818610549925 0.3173671019675326 0.29624617386064855
69 0.46297743678271003 0.25270624884103043 0.15161907446322168 0.20042886669516918
28 0.31687881717520705 0.8344240837696336 0.17830333769633508 0.2107329842931938
22 0.5453891177262363 0.5615183246073298 0.6953359363310808 0.6073298429319374
14 0.1376798361693567 0.38219895287958117 0.1623999226545653 0.2827225130890055
86 0.4033892342931938 0.31544502617801046 0.390148887434555 0.5104712041884817
2 0.18889561518324613 0.8409685863874345 0.21184554973821995 0.2107329842931938
31 0.7043919069928188 0.9332460732984295 0.5543291884816753 0.12827225130890058
83 0.7970777438240634 0.16099476439790583 0.37601630608717423 0.3036649214659687
83 0.10421739053357143 0.12041884816753931 0.20843478106714286 0.23298429319371738
70 0.46760197036249457 0.6047120418848168 0.08122109601607817 0.039267015706806
