66 0.8154998363874347 0.93717277486911 0.04092113874345557 0.03141361256544499
66 0.7463236256544503 0.967931937172775 0.058458769633507754 0.03534031413612581
66 0.805766497818712 0.9849476439790575 0.06040739528795811 0.030104712041884765
28 0.252365949011464 0.3684554973821993 0.4423249706221718 0.6452879581151838
40 0.5076215515126068 0.15052356020942415 0.8086796465968591 0.2225130890052357
28 0.8661699772252586 0.4509162303664922 0.2474571840019298 0.3861256544502616
22 0.5163890616638289 0.7251308900523561 0.9508992976142407 0.3795811518324604
39 0.7619237258873843 0.9312827225130889 0.41699936358333795 0.12172774869109938
86 0.5378017538681175 0.47643979057591646 0.7911420157068063 0.8376963350785345
29 0.6547480095988166 0.35274869109947654 0.25721858638743456 0.19502617801047123
