66 0.6994240837696336 0.6407068062827226 0.05109947643979055 0.0353403141361256
66 0.6595026178010471 0.7729057591623036 0.03193717277486911 0.04057591623036643
59 0.6730759162303664 0.3959424083769633 0.21557591623036637 0.048429319371727717
24 0.7169895287958116 0.34096858638743455 0.03832460732984302 0.06675392670157067
40 0.41279018936633777 0.08965968586387435 0.37206806282722515 0.15837696335078533
86 0.683056471163953 0.49410994764397903 0.4455235602094241 0.6609947643979058
50 0.36488219895287954 0.24476439790575913 0.375261780104712 0.46858638743455494
62 0.27227220728479984 0.5510471204188481 0.5030104712041884 0.5890052356020942
22 0.7345011448878875 0.6852094240837693 0.5205686646641147 0.5929319371727758
42 0.5119764397905758 0.49345549738219896 0.9760471204188481 0.32722513089005234
