20 0.7800180288461539 0.6473272490221643 0.08275240384615373 0.1760104302477184
39 0.4602463942307693 0.4667535853976532 0.10522836538461533 0.08083441981747072
32 0.26409254807692306 0.44067796610169496 0.0459735576923077 0.05475880052151233
32 0.6472055288461539 0.3683181225554107 0.048016826923077 0.06127770534550194
81 0.7529447115384617 0.27249022164276404 0.18798076923076934 0.34941329856584097
81 0.9327524038461539 0.18318122555410687 0.11237980769230774 0.31160365058670136
81 0.3024038461538462 0.21707953063885266 0.0326923076923077 0.18383311603650582
81 0.3402035441112908 0.2242503259452412 0.0388221153846154 0.16688396349413298
34 0.27737242815629715 0.5893089960886571 0.2503004807692308 0.6910039113428944
34 0.5904954139508729 0.48565840938722304 0.1614104411129064 0.7105606258148631
34 0.47148437500000007 0.2835723598435463 0.12770432692307693 0.21773142112125166
54 0.14405048076923083 0.168995039173976 0.27992788461538476 0.13658619283848863
37 0.9046556905965564 0.6505867014341592 0.17878958034534548 0.6101694915254238
74 0.5368639021080047 0.05932203389830508 0.5424868065515517 0.11864406779661013
73 0.4873197115384616 0.7992177314211213 0.05108173076923073 0.12777053455019555
73 0.5981662844959059 0.7940026075619293 0.10727280883306455 0.06258148631030017
73 0.24462923769788258 0.8983050847457628 0.10931490384615387 0.07301173402868315
73 0.3672562147581204 0.8265971316818779 0.05823297737397642 0.13820078226857846
37 0.08939479017267274 0.6923823670688342 0.17878958034534548 0.6101694915254238
12 0.08490953947368424 0.31037151702786375 0.1601151315789474 0.13467492260061914
