38 0.5793411560191221 0.34550195567144715 0.05471012603215996 0.4667535853976531
38 0.8090025593397815 0.22698408643069737 0.1351156714527238 0.12735872519744582
86 0.5216934490413397 0.4758800521512386 0.17390004345936547 0.7379400260756193
28 0.6863189917427206 0.31681877444589307 0.11039721860060844 0.16427640156453713
22 0.8709662934765813 0.5345501955671449 0.24717378643165028 0.5084745762711862
28 0.9418786435873839 0.45580419973795716 0.1160190171066434 0.22695027463828552
32 0.33949587136027815 0.5006518904823989 0.04005562798783135 0.06518904823989573
32 0.4088604954367666 0.32985658409387225 0.04787136027813993 0.0469361147327249
32 0.32923772272924823 0.41069100391134294 0.037124728378965625 0.04693611473272497
32 0.4230265102129509 0.5143415906127771 0.06252585832246851 0.06388526727509777
32 0.229587136027814 0.4726205997392438 0.05666405910473703 0.03780964797913953
32 0.12700564971751413 0.5925684485006519 0.04494046066927423 0.06910039113428944
81 0.934524030571807 0.19882659713168188 0.11614794059475947 0.23859191655801829
57 0.530568829410301 0.4061277705345501 0.13286744893524552 0.3063885267275099
86 0.354638852672751 0.20404172099087353 0.035170795306388454 0.12907431551499346
50 0.31165566574443226 0.17861799217731422 0.05080225988700562 0.11473272490221642
86 0.8289561060408519 0.5045632333767928 0.26475793133420256 0.730117340286832
42 0.22714471968709263 0.2998696219035202 0.22958713602781405 0.20078226857887876
32 0.2886718971288132 0.5332464146023469 0.04005562798783135 0.06518904823989573
32 0.3776138520338768 0.3859191655801826 0.04005562798783135 0.06518904823989573
32 0.43332474686452094 0.3937418513689701 0.04005562798783135 0.06518904823989573
37 0.8190528586839266 0.8754045307443366 0.34314131607335485 0.09385113268608407
71 0.15034753708206158 0.7791262135922331 0.17460194174757285 0.26699029126213586
74 0.4468112189859763 0.10679611650485438 0.19521467098166126 0.04854368932038835
74 0.45408795388346446 0.17799352750809064 0.09578773826862369 0.09385113268608417
47 0.4892491909385113 0.4878640776699029 0.9566731391585761 0.8042071197411004
