55 0.5014754929186634 0.4954367666232077 0.16960761134739225 0.03129074315514982
40 0.31911487257330085 0.23668465455715788 0.6382297451466016 0.47184752557715237
63 0.8172196870925684 0.2522816166883964 0.33916232073011743 0.36375488917861803
86 0.8545138962094343 0.26988265971316816 0.2780553247938595 0.14341590612777053
57 0.8869427548378195 0.2640156453715775 0.2261144903243605 0.07431551499348085
44 0.5038983050847456 0.8050847457627119 0.9851857887874835 0.3872229465449804
4 0.4885552477183833 0.5834419817470665 0.24064374185136905 0.10039113428943935
50 0.43122066492829203 0.47913950456323334 0.5814211212516297 0.788787483702738
14 0.8666359509000471 0.43979057591623033 0.2415886780104711 0.09685863874345557
79 0.8504180022501204 0.5503926701570679 0.2902412094888124 0.1191099476439794
