52 0.44392867060970354 0.20081042615207131 0.19720580311024163 0.2268015727284517
32 0.3925521637135947 0.36440677966101703 0.06906515381091659 0.05606258148631029
76 0.8189153951865816 0.5384615384615384 0.05356073152683322 0.3259452411994785
8 0.20581494475484205 0.5573510037748208 0.22267101465923061 0.17079530638852689
22 0.3841175563422381 0.6258148631029986 0.38761055710208253 0.33376792698826596
22 0.6348415344911734 0.4465449804432856 0.20449753935286025 0.14732724902216454
44 0.8788188449205399 0.45958279009126474 0.14235878642658306 0.20730117340286833
50 0.871045214800277 0.5123859191655804 0.15501256000346306 0.4354628422425036
43 0.15363472990591634 0.792737223287849 0.28471757285316607 0.3649818767619818
34 0.07893579502498507 0.4022164276401564 0.1325007172214702 0.2229465449804434
34 0.4036092611111073 0.6434159061277704 0.35646202354551965 0.6297262059973926
34 0.6427101531235456 0.4204693611473271 0.21418891303181997 0.3142112125162978
86 0.3530779801966243 0.26140808344198174 0.13672081468691638 0.17079530638852666
83 0.4975510060255818 0.07100230721448221 0.9781880968321636 0.12635924285138944
63 0.28823514480155316 0.26467265541273866 0.08862556401042228 0.0858754786787444
39 0.8525625611995887 0.40221642764015636 0.13244204784634422 0.04302477183833134
34 0.5499848604132551 0.3648410888960181 0.07403923397351908 0.14798084602415135
34 0.6950893261049308 0.29350601036198676 0.07545488729734001 0.12834733817074812
34 0.7687032989436346 0.25423899465518046 0.07262358064969789 0.1204939350293871
34 0.784983312167578 0.4283227642886881 0.05705139408766495 0.12572953712362817
34 0.251282009086977 0.3798934449169604 0.11650883368815519 0.14667194550059112
19 0.8249804843954692 0.2447643979057592 0.3198062477191335 0.20418848167539264
31 0.7619726483313268 0.8638743455497377 0.44859190487830686 0.26178010471204116
68 0.5028172277050212 0.4908376963350784 0.994365544589957 0.9685863874345547
83 0.13221278465854217 0.21858638743455447 0.2420516891421026 0.17539267015706714
83 0.6404323279103624 0.1819371727748685 0.19108816948453916 0.08638743455497287
83 0.7982776735164286 0.1681937172774863 0.11039593002672951 0.061518324607328874
34 0.46150652767442885 0.34913428261329565 0.07828619394498287 0.09824262612886354
