39 0.47688803780964795 0.5260756192959583 0.12948011734028683 0.26466753585397657
39 0.6829814623311173 0.5990873533246416 0.3264357887874837 0.3298565840938724
81 0.10853027869126158 0.11994784876140809 0.04194769306111672 0.049543676662320756
81 0.1468032069244612 0.13233376792698823 0.02736752992465984 0.04823989569752287
40 0.42037275716906775 0.10234680573663624 0.33737777053455015 0.11342894393741851
22 0.4914773468057366 0.6466753585397652 0.9100081486310301 0.6910039113428943
34 0.5179204693611473 0.5286831812255541 0.8534745762711864 0.9348109517601043
74 0.4943226439790577 0.0412303664921466 0.9739986910994766 0.0693717277486911
47 0.5 0.21465968586387438 1.0 0.29581151832460734
29 0.4841167238327733 0.2702879581151831 0.16293710503825612 0.12172774869109945
