32 0.5819583782150201 0.7372881355932205 0.09050194299337862 0.1681877444589314
32 0.5012783350229506 0.4634941329856587 0.09050194299337862 0.1681877444589314
59 0.4915498696219035 0.3129074315514993 0.1040471534115602 0.11473272490221642
40 0.9400124945675793 0.05867014341590613 0.11997501086484136 0.1121251629726206
50 0.9325347674923945 0.18318122555410693 0.12641242937853092 0.35853976531942633
9 0.05105010963360538 0.78748370273794 0.05931660147761843 0.2920469361147328
9 0.15700341936776896 0.7848761408083442 0.05931660147761843 0.2920469361147328
9 0.10645688628358084 0.7848761408083442 0.05931660147761843 0.2920469361147328
9 0.21338224473090187 0.7913950456323338 0.05931660147761843 0.2920469361147328
9 0.9356144386068977 0.8070404172099087 0.05931660147761843 0.2920469361147328
9 0.8870120029490245 0.7940026075619296 0.05931660147761843 0.2920469361147328
9 0.8384095672911512 0.8109517601043025 0.05931660147761843 0.2920469361147328
9 0.9703416992611907 0.7848761408083442 0.05931660147761843 0.2920469361147328
33 0.7103402581872993 0.6910039113428945 0.04570295523685346 0.04172099087353331
33 0.6772906019399454 0.7196870925684484 0.04570295523685346 0.04172099087353331
33 0.7531104015662277 0.6949152542372882 0.04570295523685346 0.04172099087353331
33 0.7628308886978025 0.7353324641460236 0.04570295523685346 0.04172099087353331
33 0.716172550466244 0.728813559322034 0.04570295523685346 0.04172099087353331
33 0.7997687397977858 0.7170795306388529 0.04570295523685346 0.04172099087353331
9 0.283855776434818 0.515645371577575 0.04084767592762656 0.24641460234680604
9 0.31398928654269936 0.545632333767927 0.04084767592762656 0.24641460234680604
1 0.5032187092568448 0.6786179921773143 0.9850445458496304 0.6297262059973925
86 0.5051737989655433 0.46610169491525427 0.4676947848021857 0.8513689700130379
86 0.8258572311321432 0.334959349593496 0.20373983739837398 0.5203252032520326
79 0.20738425345000422 0.6934959349593494 0.19156282876852987 0.17398373983739857
45 0.08185975609756099 0.13089430894308943 0.0739769647696477 0.08292682926829267
45 0.6469983597873329 0.12926829268292683 0.05214769647696485 0.06666666666666667
45 0.32380174370855774 0.10569105691056914 0.2158554198000061 0.20162601626016266
19 0.20434186269339807 0.2739837398373984 0.39656504065040643 0.17398373983739834
19 0.6733030217318259 0.27967479674796747 0.1406688202377446 0.1723577235772359
45 0.19221449141968538 0.05853658536585367 0.12976287262872632 0.1008130081300813
45 0.7949408106880226 0.039837398373983736 0.24374837372954508 0.07642276422764227
