39 0.6237626303780965 0.6864406779661018 0.08680981095176016 0.1238591916558017
55 0.38235332464146027 0.34680573663624514 0.046818774445893115 0.044328552803129
79 0.39220929095885226 0.8148631029986972 0.583475104917832 0.35462842242503273
50 0.23604465449804432 0.4335071707953064 0.41746740547588 0.5280312907431551
86 0.7174001792698825 0.37027379400260757 0.4145412320730118 0.4354628422425033
22 0.765171764011632 0.6779661016949146 0.27995328065221586 0.63102998696219
66 0.6326092052794925 0.7066492829204694 0.03218790743155154 0.02346805736636242
58 0.28969116688396346 0.08930899608865708 0.5696284224250325 0.16297262059973922
58 0.9183265905669745 0.10756192959582793 0.15704255122378427 0.19687092568448505
40 0.7182518115072601 0.1293078530813133 0.332153015330012 0.2586157061626265
37 0.10003292139384116 0.2722852512155592 0.18794064019448947 0.20097244732576985
37 0.9011756695201825 0.3695299837925445 0.1818759713971671 0.18800648298217168
37 0.4996945951374135 0.3038897893030792 0.19157944147288386 0.19935170178281997
