86 0.4718709256844851 0.8089960886571056 0.18591916558018248 0.3637548891786179
51 0.4411020492203404 0.9445893089960884 0.0899282920469361 0.09256844850065192
81 0.6779986962190353 0.7464146023468058 0.16571056062581477 0.11603650586701449
12 0.1657105606258149 0.591264667535854 0.16166883963494136 0.22816166883963496
12 0.42286505867014346 0.484354628422425 0.26978487614080837 0.16558018252933507
12 0.648696219035202 0.49543676662320735 0.13337679269882657 0.10951760104302487
12 0.5880704041720991 0.3598435462842242 0.07477183833116044 0.13298565840938723
58 0.8432040417209908 0.438070404172099 0.2940352020860496 0.36245110821382
58 0.7987451108213821 0.9035202086049543 0.38093220338983047 0.17470664928292037
81 0.18945567144719688 0.8500651890482399 0.35061929595827906 0.27118644067796593
81 0.4839960886571057 0.20664928292046933 0.9518252933507172 0.3872229465449804
