14 0.7449270895623432 0.7464146023468058 0.2926173402868318 0.4993481095176009
39 0.63623370273794 0.7490221642764016 0.2391101694915254 0.21773142112125157
80 0.5350717079530637 0.4315514993481095 0.4882529335071706 0.2320730117340286
28 0.33525586701434157 0.8402868318122555 0.5066460234680573 0.30378096479791394
86 0.5250391134289438 0.4934810951760104 0.5818904823989569 0.8487614080834419
28 0.5066325898829662 0.6082138200782272 0.1337971532270487 0.14993481095176045
14 0.13190904132614034 0.578875335331099 0.17169323214160825 0.2244789995699565
32 0.1384898560209424 0.13808900523560208 0.1829744764397906 0.11910994764397906
83 0.23753108638743456 0.1557591623036649 0.44484620418848164 0.29319371727748694
83 0.874901906402884 0.2526178010471201 0.23154951343232388 0.4842931937172769
83 0.9219279484593598 0.7473821989528789 0.14421543532744005 0.4842931937172769
