82 0.6504400260756193 0.318122555410691 0.4194426336375489 0.1955671447196871
82 0.0729465449804433 0.4393741851368971 0.12360386788352892 0.08604954367666232
82 0.873344469795741 0.2631294817470665 0.2533110604085181 0.18988347457627122
82 0.41741634072142547 0.42307692307692313 0.15399826162538027 0.08996088657105603
82 0.2522734680573664 0.4217731421121252 0.07092025206431987 0.0743155149934811
12 0.28672044763146465 0.23728813559322037 0.37689048239895706 0.3441981747066493
12 0.051670469361147345 0.1942633637548892 0.09726205997392441 0.37809647979139505
22 0.7720179699323304 0.7366362451108215 0.1904715341156019 0.5006518904823991
44 0.6018088677793335 0.7001303780964798 0.23707579002647727 0.43285528031290754
44 0.3773970556279879 0.5560625814863104 0.08814374185136892 0.18644067796610173
44 0.04204557800956106 0.5547588005215125 0.07193339852238158 0.14732724902216432
12 0.8155828987396785 0.1016949152542373 0.3505486744893524 0.19035202086049544
50 0.3753707627118644 0.5730117340286833 0.10435408518035644 0.30638852672750977
50 0.603328852104406 0.6753585397653193 0.21174727292292356 0.5971316818774448
50 0.05015145537533475 0.5795306388526729 0.09624878520653905 0.2985658409387224
50 0.933614597432524 0.6349413298565842 0.12866929543919392 0.6623207301173405
10 0.6001237605573323 0.5124804992199689 0.0703133125325013 0.04524180967238692
82 0.5346479758453454 0.4203066427741854 0.04236066901330533 0.0192800932376283
45 0.4988615642708751 0.09204368174726989 0.10546996879875195 0.18408736349453977
77 0.20426283485647645 0.765990639625585 0.26063811335602377 0.4305772230889234
16 0.4309520895572904 0.31201248049922 0.8449720488819552 0.6240249609984398
