20 0.1737091480569647 0.576923076923077 0.20773465128461757 0.06910039113428951
84 0.27578565773992325 0.7809647979139505 0.5479896835611463 0.32594524119947854
37 0.9392829706791542 0.34810951760104303 0.10565814160165886 0.16949152542372883
76 0.4691937813497396 0.5358539765319427 0.45844888559363867 0.11212516297262055
52 0.7834819822156911 0.7992177314211213 0.42084175044728556 0.3155149934810952
74 0.32592850460172756 0.10495436766623208 0.626785585772553 0.19687092568448503
81 0.450390213776563 0.3102998696219035 0.44949480579688794 0.18252933507170796
80 0.7807957582766659 0.18970013037809647 0.18266322785371542 0.06388526727509776
28 0.7861682061547164 0.35462842242503256 0.17908159593501524 0.1903520208604955
86 0.7799316696571665 0.3239895697522816 0.25250505026837133 0.5619295958279009
71 0.12177548523581029 0.3683181225554107 0.22206117895941876 0.17340286831812257
3 0.4979932788170361 0.6053664921465968 0.9959865576340722 0.7054973821989529
