38 0.5520526880755818 0.16956346579954534 0.18921511104903466 0.23482445441525762
57 0.5268690306479441 0.5821382007822682 0.2412719310873677 0.8357235984354621
86 0.5287171338548456 0.516297262059974 0.23198337679269876 0.9647979139504563
12 0.8999837027379399 0.2757496740547588 0.19378531073446326 0.530638852672751
12 0.04844632768361582 0.423076923076923 0.09316601477618427 0.8383311603650586
12 0.7248315949587135 0.25488917861799215 0.13602238157322902 0.499348109517601
28 0.7951752182318864 0.756844850065189 0.2860196653628857 0.44198174706649274
28 0.290212136027814 0.7535853976531942 0.213350173837462 0.39895697522816176
49 0.7264735294021074 0.758800521512386 0.11490107830332036 0.21382007822685767
49 0.37492995412536073 0.8031290743155148 0.09223435462842229 0.19035202086049552
49 0.2328972836704019 0.6727509778357234 0.10247933413664895 0.16688396349413323
41 0.5254144158951631 0.5443230189280663 0.8962407800804697 0.8956864550660413
77 0.04066936354996115 0.9083191850594234 0.08133872709992229 0.17317487266553344
77 0.9761916541404869 0.7521222410865867 0.0354882265934682 0.07130730050933823
75 0.9760345512263643 0.6765704584040745 0.04245477959332336 0.0696095076400672
