14 0.7267804758800522 0.8552803129074315 0.15224087353324653 0.2842242503259449
9 0.8567223074947644 0.6714471968709258 0.03975717079530634 0.14863102998696195
79 0.8969557415748102 0.8507170795306385 0.19583330370194862 0.2594524119947831
14 0.8023977331990045 0.5404172099087353 0.06886800007901733 0.12125162972620576
40 0.8562134862312831 0.2262059973924382 0.0891947572201805 0.08474576271186418
40 0.8562134862312831 0.2262059973924382 0.0891947572201805 0.08474576271186418
22 0.5052718561099917 0.7953063885267272 0.24818488799336186 0.32333767926988327
40 0.1470593358618787 0.2601043024771839 0.03781380032396949 0.03520208604954327
40 0.4005710382837507 0.2314211212516298 0.023272020070324723 0.022164276401564355
40 0.881419238670934 0.3787483702737942 0.0891947572201805 0.08474576271186418
40 0.23770309944293028 0.2379400260756194 0.06786681284816848 0.05867014341590584
40 0.4490436391292327 0.34093872229465466 0.0891947572201805 0.08474576271186418
40 0.5202983623720914 0.24380704041721002 0.06883626486507817 0.04954367666232049
40 0.6526285626802578 0.2796610169491527 0.0891947572201805 0.08474576271186418
40 0.9657615641420726 0.44980443285528027 0.0639890047805291 0.09387222946544928
40 0.9662462901505279 0.24771838331160367 0.0630195527636203 0.07561929595827854
22 0.15820803405633924 0.544328552803128 0.1396062620994818 0.39243807040417245
22 0.3487053553790838 0.40026075619295853 0.06495845679743857 0.24771838331160415
86 0.02569670795306389 0.7086049543676662 0.04945404172099089 0.2855280312907431
86 0.4911465123859193 0.6531942633637549 0.17745273794002614 0.32594524119947854
86 0.4795102672750978 0.39765319426336376 0.14254400260756192 0.22685788787483704
86 0.7597498370273794 0.34615384615384615 0.09212027379400255 0.27249022164276404
86 0.6836294002607562 0.40091264667535853 0.05430247718383313 0.11342894393741858
86 0.36072359843546287 0.35528031290743156 0.03490873533246415 0.25423728813559326
86 0.19539194915254243 0.4726205997392438 0.043635919165580184 0.4211212516297262
50 0.9552706757931335 0.5832077086049543 0.06813070404172081 0.3424258474576271
50 0.8790213494132988 0.4823989569752281 0.11151401564537153 0.32073011734028684
42 0.222543187744459 0.4035202086049544 0.14254400260756195 0.1577574967405476
42 0.33357235984354633 0.3155149934810952 0.09308996088657107 0.12255541069100388
42 0.4751466753585399 0.6792698826597132 0.2637548891786181 0.17209908735332477
81 0.5910242829204694 0.11603650586701435 0.1658164928292046 0.2320730117340287
81 0.7146593872229466 0.1075619295958279 0.07369621903520227 0.2151238591916558
50 0.24243152878195254 0.4928292046936115 0.0737039765319425 0.5840938722294654
45 0.2717781402936379 0.09135399673735727 0.2256729200652529 0.17944535073409462
45 0.7898630868201431 0.08319738988580751 0.14316525349190207 0.1533442088091354
45 0.4380026283980553 0.06362153344208812 0.11647579379860364 0.11419249592169663
45 0.09342318368441115 0.16557911908646006 0.0849317729248156 0.09951060358890697
19 0.4987867047308319 0.4747145187601959 0.997573409461664 0.538336052202284
42 0.05402379589691811 0.32381729200652515 0.09342621991280897 0.11908646003262663
81 0.11830153313838795 0.060358890701468215 0.22931777424649893 0.10766721044045684
