33 0.820563625007587 0.8370222598414986 0.10777922642329414 0.07822685788787481
33 0.9386686551073439 0.7855280312907431 0.08692779682548242 0.05867014341590581
33 0.89349055764542 0.8507170795306387 0.0938782733580866 0.06649282920469356
33 0.8570005558492511 0.7907431551499345 0.093878273358087 0.06649282920469314
33 0.9577824655720043 0.8337679269882657 0.07302684376027566 0.06127770534550223
28 0.5971494358120661 0.560625814863103 0.09563100222283101 0.20860495436766613
28 0.5633467360884619 0.7965102708262686 0.25018738377085437 0.28639423563927663
74 0.09732508743068687 0.2765807490938381 0.1807431779035293 0.5375161266101013
71 0.8827857973518732 0.2791934305821962 0.23298547537199782 0.5453490515164132
71 0.8231203824424164 0.6101694915254238 0.31812255541069107 0.12777053455019555
71 0.21555845284658845 0.6440677966101696 0.41025641025641024 0.08865710560625788
39 0.7283789656671013 0.2966101694915254 0.12516297262059978 0.1577574967405476
39 0.24337546870859575 0.3428943937418514 0.08344198174706648 0.13559322033898302
4 0.4949779824500075 0.4532541746165728 0.08996756374613454 0.0985242643261509
57 0.3928522659214547 0.5971316818774445 0.41025641025641024 0.26597131681877445
50 0.5397653194263363 0.6786179921773143 0.4745762711864405 0.5593220338983051
2 0.8603839441535776 0.8841623036649218 0.2443280977312389 0.09031413612565434
3 0.5 0.7859947643979059 1.0 0.4227748691099469
25 0.488656195462478 0.23494764397905762 0.5235602094240834 0.331151832460733
