32 0.09341753585397655 0.5084745762711864 0.15663950456323342 0.16949152542372878
32 0.7803666883963496 0.6010430247718384 0.10002281616688408 0.10169491525423723
32 0.35574152542372883 0.5847457627118645 0.14909061277705343 0.1290743155149935
32 0.6331632985658411 0.4491525423728814 0.16796284224250344 0.08213820078226859
32 0.3397001303780965 0.4172099087353325 0.12455671447196874 0.11734028683181222
32 0.8247164276401565 0.4856584093872229 0.1207822685788787 0.1264667535853976
32 0.8700062167192147 0.6538461538461539 0.07548891786179922 0.0691003911342893
32 0.08586864406779661 0.08344198174706648 0.17173728813559325 0.13037809647979137
32 0.71997555410691 0.6779661016949153 0.12266949152542381 0.07301173402868329
24 0.40575248830241817 0.2744458930899609 0.06039113428943935 0.045632333767927025
24 0.679400260756193 0.2737940026075619 0.045293350717079475 0.041720990873533204
86 0.5036141618726017 0.4895228229929623 0.9530933512246957 0.9555775886195622
62 0.4944442722752539 0.6482914325890634 0.9662561157440532 0.670768002075128
14 0.21514430631563294 0.28031290743155124 0.30573011734028666 0.23728813559321993
14 0.8597829799837783 0.2425032594524119 0.26608908616303595 0.17470664928292032
83 0.8469868541016302 0.07853403141361257 0.2765690968621267 0.1492146596858639
83 0.2651105156162892 0.07984293193717273 0.20075459021908557 0.14921465968586378
