32 0.3550395438069389 0.6029986962190353 0.09342708411231399 0.08735332464146113
32 0.37891046543085516 0.531942633637549 0.060215367070343466 0.049543676662321304
32 0.30366516900764107 0.5423728813559325 0.04049591007667348 0.03650586701434239
32 0.7001300411961622 0.6857887874837028 0.08823775332450644 0.07040417209908828
32 0.6866377811478618 0.7816166883963495 0.10691934416061445 0.11864406779661123
59 0.5864351680525475 0.5446435516590917 0.1556848509579064 0.14788494229283805
39 0.3519322770722351 0.8005215123859191 0.15779661016949154 0.11473272490221646
58 0.7221510657421665 0.12706728298797926 0.5230977144324606 0.22805894668000032
62 0.14795479914396442 0.6219035202086046 0.26056287308590714 0.5501955671447197
86 0.7357944915254236 0.621251629726206 0.5284110169491525 0.757496740547588
50 0.2740677966101695 0.5756192959582791 0.3529661016949152 0.8383311603650587
22 0.7453751589120514 0.7483702737940024 0.4360104826967316 0.5032594524119942
58 0.8476056111967119 0.3600104697936299 0.29885529019003604 0.22805894668000012
40 0.32140159232202964 0.12606694540255742 0.3612521938431476 0.21349660112256721
