63 0.4372528248587571 0.1303780964797914 0.26675901781833994 0.2138200782268579
28 0.8228935788787483 0.2470664928292047 0.08002770534550194 0.3011734028683181
14 0.8582842867851866 0.636897001303781 0.09278574532811817 0.6088657105606258
22 0.6384416421752191 0.6438841355740662 0.723108941682875 0.6965863572742904
73 0.28489315416222194 0.8352191203181144 0.0704353344395716 0.044040280225382186
83 0.5068421338548457 0.3337679269882659 0.4128965667101261 0.16427640156453713
83 0.9290172750977835 0.1688396349413299 0.13453933072577143 0.3246414602346806
86 0.8001742418199451 0.30851404589952386 0.3989710435675436 0.43121180389847114
73 0.2758022450713129 0.8018318455030706 0.059526243530480596 0.029050075206382232
31 0.11454545454545453 0.8924850867850406 0.21454545454545454 0.19621034703001905
31 0.9375757575757572 0.8672775945073226 0.11030303030302967 0.24935186774575033
28 0.15636363636363637 0.37198211624441135 0.2981818181818182 0.7276133702363211
68 0.4939393939393926 0.4850724471415736 0.9684848484848458 0.9538009942883643
