86 0.35388363754889185 0.4582790091264667 0.12992829204693612 0.44719687092568444
86 0.5120200456323338 0.4719687092568449 0.14873370273793995 0.47718383311603657
86 0.8368407757496741 0.5221642764015645 0.251308670143416 0.7235984354628422
0 0.8317120273794003 0.17796610169491525 0.24447033898305093 0.20469361147327247
81 0.14104131085152827 0.5104302477183829 0.2684103433963196 0.4550195567144716
33 0.1538624511082138 0.8520208604954368 0.290629074315515 0.18383311603650582
33 0.49834338331160366 0.908083441981747 0.3128536505867015 0.152542372881356
33 0.49834338331160366 0.7959582790091264 0.27182366362451105 0.09517601043024783
81 0.1914732724902217 0.1153846153846154 0.23592242503259456 0.17861799217731422
81 0.4530381607034372 0.10365058670143418 0.25985658409387224 0.16818774445893095
58 0.5028683210673418 0.48625654450261785 0.9645582460732984 0.9332460732984293
