32 0.8494263363754888 0.8415906127770535 0.20200782268578876 0.241199478487614
34 0.1895893089960886 0.49478487614080824 0.36593220338983046 0.9817470664928291
34 0.5099794652221123 0.516297262059974 0.41395773909248473 0.9569752281616689
71 0.7186179921773143 0.08213820078226856 0.4702477183833117 0.08604954367666232
67 0.7235853976531942 0.024119947848761404 0.3245371577574968 0.04302477183833116
58 0.8282756021628205 0.4142627498947944 0.30543401918112667 0.5853667343358586
28 0.3824814394799694 0.1668839634941328 0.13908992371375245 0.26075619295958247
28 0.08274253906611964 0.1355932203389831 0.1589621160063831 0.26075619295958286
29 0.19558302237029992 0.1184554973821989 0.07650586387434578 0.11649214659685857
29 0.49834231794383627 0.19044502617801043 0.07650586387434578 0.11649214659685857
