86 0.20858213820078228 0.6479791395045632 0.24962842242503258 0.2998696219035202
86 0.14408083441981748 0.7627118644067796 0.2747588005215124 0.41720990873533254
86 0.7095094295446323 0.830508474576271 0.4238657105606258 0.30508474576271183
81 0.8921284224250325 0.5208604954367666 0.19936766623207305 0.2099087353324642
81 0.5796740547588005 0.5078226857887875 0.1574837027379401 0.11603650586701435
81 0.06366362451108214 0.4159061277705345 0.11057366362451107 0.08083441981747065
81 0.7371577574967406 0.33376792698826596 0.04020860495436764 0.15906127770534553
81 0.25716753585397656 0.5045632333767927 0.15580834419817474 0.07822685788787481
12 0.8611342894393741 0.3846153846153846 0.14743155149934822 0.06779661016949148
58 0.18512711864406775 0.3089960886571056 0.3434485006518904 0.32073011734028684
50 0.43056714471968704 0.3872229465449804 0.3786310299869622 0.7509778357235984
57 0.4321681208488911 0.23663624511082126 0.19433597684594217 0.21773142112125166
74 0.8192503259452404 0.16362451108213819 0.3484745762711864 0.10821382007822682
50 0.6868927909786549 0.5775749674054759 0.07036505867014356 0.10169491525423723
37 0.8476425107681385 0.7229465449804432 0.30136355966333755 0.21773142112125182
18 0.4743062827225131 0.4725130890052356 0.9486125654450261 0.9450261780104712
