62 0.4347052470292472 0.6590314136125651 0.8694104940584944 0.41230366492146603
38 0.685068395760813 0.23167539267015705 0.45559554973822 0.16753926701570676
12 0.28537303664921465 0.15968586387434555 0.07676701570680625 0.047120418848167527
12 0.2970549738219896 0.2467277486910995 0.08678010471204192 0.05366492146596858
39 0.5323781229098853 0.8907068062827227 0.26704116447605236 0.2028795811518324
50 0.6933815216687901 0.3946335078534032 0.46227094240837685 0.5615183246073299
85 0.25867146596858637 0.21073298429319373 0.5106675392670157 0.418848167539267
48 0.6739889742141869 0.7443200469369339 0.5749824956493802 0.5111275057430579
47 0.23280743086469952 0.2643979057591624 0.22196642362463545 0.1963350785340313
74 0.23136034728715693 0.07068062827225131 0.21858007485399644 0.12827225130890055
83 0.8052192408376964 0.07460732984293193 0.35880235602094246 0.14136125654450263
83 0.9303404239535225 0.3795811518324604 0.11856968443855267 0.4554973821989526
