70 0.522753834723886 0.6316025843280048 0.07953357964930277 0.08920031664192699
8 0.9236624672774869 0.8226439790575916 0.1439217931937172 0.33900523560209406
8 0.8556325171713058 0.9162303664921448 0.23068660591191414 0.1465968586387435
50 0.054709996727748685 0.5287958115183247 0.09561927356020941 0.306282722513089
50 0.17743782722513088 0.5287958115183247 0.1380071989528796 0.306282722513089
50 0.3538898887434555 0.4993455497382199 0.10251963350785342 0.18979057591623033
50 0.27059268651832463 0.1695026178010471 0.1192776505235602 0.12958115183246074
50 0.49091132198952875 0.28664921465968585 0.13603566753926707 0.21204188481675396
50 0.6949648232984293 0.456151832460733 0.2582706151832462 0.4410994764397907
50 0.4332725121606141 0.4509162303664922 0.08970467931937165 0.16361256544502623
50 0.33318880890052355 0.34489528795811525 0.12814954188481673 0.1897905759162304
69 0.1552744665046945 0.5628272251308897 0.14097172336176558 0.09685863874345618
69 0.2854387945541713 0.2571108083797026 0.12932050591546093 0.08393239458122284
69 0.2982647210324565 0.5112866204564839 0.1606832418794717 0.17101506209763515
69 0.4569657144671009 0.28806722557783115 0.1298278129415327 0.14890162536146062
69 0.0449163224193507 0.5477748691099472 0.07988060788595028 0.0876963350785347
39 0.6324860380701672 0.5667539267015707 0.07984702225130888 0.11780104712041883
39 0.44260880235602096 0.8160994764397905 0.11040575916230366 0.08246073298429309
79 0.6121605039267015 0.9024869109947643 0.5540003272251308 0.17931937172774867
28 0.5456323722172861 0.7820680628272251 0.12322071335078526 0.17670157068062836
57 0.6279029958125022 0.74934554973822 0.5480857329842932 0.19502617801047123
4 0.6249444232882361 0.39463350785340334 0.039428077464557024 0.056282722513088614
4 0.3307018213229582 0.3947367866386762 0.05641574952458293 0.06916517017814498
4 0.49980617062003374 0.32918848167539283 0.039428077464557024 0.056282722513088614
4 0.4508289308902848 0.5074582037079193 0.05641574952458293 0.06916517017814498
14 0.2803455077164526 0.2143825193278871 0.05277553408314875 0.04662088676429651
14 0.14978057113468285 0.8615136876006443 0.19282910628019323 0.2608695652173914
