50 0.07521756844850065 0.28943937418513693 0.04322848761408083 0.07301173402868315
50 0.11758148631029985 0.29400260756192964 0.03458279009126466 0.08213820078226859
81 0.8625156564148966 0.2288135593220339 0.27496868717020573 0.4576271186440678
54 0.2351629726205997 0.12385919165580182 0.4530345501955671 0.24250325945241197
28 0.47988106213059484 0.7001303780964797 0.593094850065189 0.16688396349413295
22 0.5896365710560626 0.4041720990873533 0.32161994784876136 0.16166883963494136
86 0.46081567796610173 0.5821382007822686 0.5343041069100392 0.6192959582790091
86 0.5732527266430804 0.378748370273794 0.340640482398957 0.4576271186440678
37 0.6163807698084741 0.9035202086049523 0.755748890630771 0.16949152542372864
54 0.914081557809013 0.1487283016034458 0.11629166644348635 0.12993781442623395
81 0.8757579779798175 0.22251308900523553 0.22045483055015802 0.44502617801047106
47 0.48866269081520153 0.4862565445026178 0.9773253816304028 0.9306282722513088
