58 0.15993046501521077 0.7979139504563233 0.2858757062146892 0.3546284224250325
7 0.7741712052201026 0.5645371577574965 0.34683191393472285 0.5136897001303778
47 0.5376898294489202 0.13689700130378094 0.9246203411021583 0.26336375488917857
85 0.019991308126901343 0.026075619295958283 0.029986962190352014 0.04432855280312908
22 0.44980443285528027 0.5013037809647979 0.23389830508474582 0.2516297262059974
6 0.39678910856049315 0.545632333767927 0.09595827900912646 0.045632333767927025
39 0.26688396349413296 0.5997392438070405 0.07796610169491522 0.049543676662320735
28 0.46529769665362847 0.682529335071708 0.2768796175575835 0.19687092568448517
86 0.43332171998249835 0.46479791395045633 0.2608865710560625 0.4002607561929596
75 0.05216851748681945 0.4596518987341772 0.10433703497363889 0.11234177215189863
7 0.15347158740738504 0.5300632911392403 0.11525930916470285 0.11075949367088606
84 0.956427212310713 0.763449367088607 0.07658997023748167 0.4414556962025307
84 0.8024302741376401 0.4667721518987335 0.07658997023748094 0.06962025316455603
84 0.9673403811576244 0.4699367088607588 0.052338483911012396 0.05696202531645491
74 0.8599696340571381 0.05775316455696194 0.08977299101398092 0.0775316455696201
54 0.8272574435488659 0.12499999999999994 0.15770042194092837 0.07911392405063282
84 0.6805665553471356 0.911392405063286 0.4585508798793564 0.16139240506328986
