14 0.3038083626192355 0.7945026178010471 0.40106146453417496 0.4031413612565445
14 0.8942121494656818 0.5654450261780105 0.19450620382987893 0.3089005235602095
79 0.7444595854550671 0.6387434554973822 0.23237466829233305 0.2670157068062828
37 0.27712747480186634 0.3160994764397905 0.32704582944846877 0.11910994764397902
20 0.9140070286165103 0.3219895287958115 0.16868679624184182 0.06806282722513085
81 0.4139711683281934 0.15706806282722513 0.7969590475507424 0.3036649214659686
40 0.379545291544144 0.4790575916230367 0.16008032704582945 0.13350785340314125
40 0.6136412536756797 0.32853403141361254 0.11188409954816031 0.03141361256544499
73 0.5576967039724068 0.8723821989528795 0.13081833177938754 0.06151832460732976
37 0.9054005594204984 0.21989528795811522 0.17901455927705648 0.1335078534031414
86 0.6394630223079543 0.3907068062827225 0.1566377393674246 0.18717277486910994
50 0.360612031507603 0.5674083769633509 0.3631930000717206 0.31020942408376967
60 0.46214559088790325 0.6308900523560209 0.11876927490497025 0.08376963350785331
77 0.8485967516471752 0.37369109947643975 0.24442372516675037 0.16361256544502611
77 0.6303900090954407 0.30884668900869877 0.24849887946118693 0.12540258667124976
77 0.7978144862845257 0.8848167539267021 0.3873026412718324 0.22513089005235698
