63 0.5162958115183246 0.22971204188481678 0.16889179755671904 0.17931937172774873
63 0.687325479930192 0.13612565445026176 0.23302792321116925 0.25654450261780104
63 0.843378054684199 0.17146596858638743 0.10261780104712045 0.18848167539267016
85 0.07642888307155324 0.29908376963350786 0.1336169284467714 0.4960732984293194
86 0.3009024662736 0.5687172774869108 0.23624501321259647 0.6138743455497382
79 0.8861428989173412 0.7532722513089004 0.20095986038394414 0.4751308900523559
64 0.8161321989528796 0.375 0.20416666666666658 0.13743455497382195
5 0.6363452478837259 0.4730318686182076 0.543293617815655 0.36700889515106006
32 0.9171211732207304 0.44109947643979047 0.15183739272052593 0.18062827225130892
57 0.3451112735038408 0.5780899390156816 0.15129855511526288 0.5854992497591126
68 0.5 0.5001855287569573 0.9781818181818182 0.9825602968460112
31 0.27393939393939387 0.9224572406125543 0.492121212121212 0.1202314462637813
