86 0.5264484191655802 0.5065189048239896 0.1947767275097783 0.9243807040417211
86 0.6936624022164275 0.5039113428943938 0.2223394719687092 0.984354628422425
37 0.1888094290116588 0.29269882659713164 0.3776095990873533 0.14211212516297259
67 0.31421528683181216 0.4654498044328551 0.28665254237288124 0.2946544980443283
81 0.9003829856584094 0.18383311603650587 0.183751629726206 0.36245110821382004
81 0.09095705671447195 0.11147327249022165 0.11576352672750977 0.19687092568448503
12 0.2788430981095176 0.1153846153846154 0.24714594198174705 0.20469361147327253
50 0.09555084745762711 0.5417209908735332 0.10473842894393741 0.1916558018252934
76 0.6652501841622181 0.40842969480169117 0.17714088122744898 0.22551415216453344
47 0.49061289802065405 0.5120481927710844 0.9569680507745266 0.9621342512908778
