33 0.6071577574967406 0.8722294654498043 0.1311864406779661 0.07040417209908739
33 0.6071577574967406 0.8722294654498043 0.1311864406779661 0.07040417209908739
33 0.6559680933426586 0.9035202086049545 0.1311864406779661 0.07040417209908739
33 0.7451731898886461 0.8826597131681876 0.1311864406779661 0.07040417209908739
33 0.7502225349761551 0.9374185136897001 0.1311864406779661 0.07040417209908739
51 0.8964406779661017 0.8461538461538461 0.16146023468057366 0.0938722294654498
81 0.10259452411994785 0.1701434159061278 0.18837027379400262 0.17340286831812257
81 0.4978357235984355 0.16101694915254236 0.08745762711864408 0.1473272490221643
81 0.5751958981266424 0.09778357235984356 0.07400260756192971 0.13820078226857888
81 0.8949877536688626 0.2333767926988266 0.10766490814532133 0.15906127770534542
81 0.8074657721520441 0.1792698826597131 0.09419998791196454 0.1916558018252932
58 0.2489178617992176 0.3611473272490225 0.4742894393741849 0.3129074315515
74 0.38767275097783577 0.06844850065189048 0.19341590612777054 0.13428943937418514
28 0.7114341590612777 0.7170795306388527 0.5382007822685788 0.16688396349413304
28 0.14036436792526144 0.6101694915254238 0.23046300053820543 0.12255541069100367
79 0.7018252933507171 0.9028683181225554 0.5963494132985658 0.18122555410691008
80 0.7072294654498045 0.364406779661017 0.3447848761408084 0.1525423728813559
57 0.7021838331160365 0.43676662320730114 0.4019687092568448 0.38070404172099087
86 0.7054881839453622 0.3754889178617994 0.2842150116131486 0.55019556714472
54 0.26842949600751337 0.12303664921465961 0.2668021556955874 0.22513089005235584
