20 0.23602086049543675 0.7653194263363755 0.27983311603650585 0.24771838331160367
86 0.5794524119947849 0.5221642764015645 0.4466023468057367 0.653194263363755
7 0.14132985658409386 0.2516297262059974 0.16394263363754888 0.08604954367666232
32 0.6882764015645373 0.8885267275097783 0.33071186440677974 0.0795306388526727
32 0.9045110821382008 0.757496740547588 0.1695958279009126 0.2737940026075619
32 0.057945241199478484 0.7783572359843547 0.11023728813559322 0.19817470664928294
71 0.22754106910039112 0.32724902216427637 0.438122555410691 0.18513689700130379
22 0.5651131928560502 0.5267275097783574 0.40152360297295636 0.43807040417209886
20 0.8726199333135699 0.23429319371727747 0.14472251308900524 0.07853403141361252
74 0.49940624469690126 0.19306282722513085 0.9988124893938025 0.03272251308900528
3 0.4923403141361256 0.4666230366492147 0.9563036649214659 0.5013089005235603
