39 0.7046059758079075 0.906413612565445 0.2880709514352771 0.16099476439790603
44 0.7174960400253956 0.5530498331398453 0.5650009494581288 0.5824267123606139
40 0.201662168590868 0.1236910994764398 0.35972077228095933 0.218586387434555
8 0.11912123126918217 0.7859947643979058 0.23512818198230728 0.106020942408377
8 0.19463389660311814 0.8534031413612563 0.3861544219291737 0.16492146596858528
50 0.4001850514533309 0.331151832460733 0.7754558584582054 0.5785340314136126
55 0.37144436609667286 0.3428675022063156 0.13285772321720712 0.09334948116437644
79 0.4640230291377792 0.8606020942408373 0.9280460582755584 0.27879581151832444
54 0.7049239631913315 0.19044502617801043 0.5901520736173349 0.1636125654450262
74 0.7014907859728561 0.05431937172774871 0.5839276042606969 0.09816753926701573
