36 0.6625846718135296 0.9522251308900523 0.09169698583133673 0.09554973821989535
36 0.5827195551217204 0.7270942408376964 0.11240275682550945 0.11649214659685868
51 0.5435264885970361 0.7964659685863873 0.08726003490401396 0.053664921465968546
33 0.4821486674357382 0.8304973821989529 0.0680332475522821 0.08507853403141369
33 0.5509263285518112 0.8861256544502618 0.09317596947377758 0.06544502617801044
33 0.6367024580708137 0.8704188481675392 0.06951223119472295 0.054973821989528916
36 0.7291389357233709 0.8069371727748691 0.09465495311621851 0.12434554973821989
28 0.09835241222232081 0.5706806282722513 0.17008311888070515 0.3036649214659686
28 0.588635489691484 0.4725130890052356 0.16268820066850068 0.2539267015706807
39 0.7513236903599847 0.6943717277486912 0.13310852781968235 0.10340314136125642
36 0.4791879658494284 0.09816753926701577 0.4495492320897638 0.17539267015706794
57 0.3372082704765285 0.481020942408377 0.32537640133700124 0.28141361256544506
50 0.4747537492235335 0.361910994764398 0.656668737243766 0.6767015706806283
35 0.7164922447582792 0.6191099476439781 0.2144348551946515 0.235602094240838
83 0.8548612950954186 0.2637434554973822 0.27507236424429893 0.5091623036649214
83 0.12216038490170618 0.1773560209424084 0.24401944978603865 0.35209424083769636
