67 0.5193019762040865 0.7460732984293194 0.4260471204188482 0.2696335078534032
67 0.35193062827225124 0.56217277486911 0.19142670157068065 0.09554973821989521
67 0.6410340314136127 0.5366492146596858 0.1668848167539268 0.09424083769633505
67 0.6444698952879583 0.393979057591623 0.055955497382199015 0.0968586387434555
44 0.49869109947643986 0.4993455497382199 0.09424083769633512 0.18717277486910988
76 0.5525085010542713 0.6173547362120886 0.052303524442815504 0.15770801250006358
50 0.5050724864347683 0.512434554973822 0.10307691004231083 0.3337696335078533
74 0.49427356020942415 0.19698952879581152 0.4977094240837696 0.2526178010471204
54 0.39818181818181775 0.3369445566778901 0.12969696969696953 0.08240791755943302
54 0.3484848484848484 0.42425254565860604 0.20727272727272714 0.07917428833792516
54 0.6509090909090908 0.43071980410162203 0.2012121212121213 0.07917428833792516
71 0.3054545454545454 0.7014141414141415 0.11151515151515148 0.1551515151515151
71 0.6818181818181802 0.6682864197530861 0.1321212121212111 0.1632447301295789
