28 0.5927210751345742 0.4290375394123486 0.30124384477093147 0.2665204526005779
40 0.39950686613366215 0.7303176935489002 0.3123824634735956 0.27585905402514
74 0.7122266379367839 0.16985163258856723 0.4161536167050237 0.33970326517713445
81 0.19893420976929915 0.686210692663143 0.29720634059775874 0.22824026690093058
67 0.9407859518320053 0.8467205946609696 0.11842809633598939 0.09634355168606867
67 0.9988049390170693 0.7775613480505319 0.0023901219658613027 0.12288058723953077
32 0.9749261638848997 0.7608933796641065 0.05014767223020056 0.0782684157481055
11 0.4406661314552422 0.37500938940849315 0.7654453405927463 0.7181502486128997
39 0.36799093689822704 0.6044223938899131 0.10583842470011667 0.08543265677857759
78 0.5347785672082065 0.5497971014753051 0.7804276396454612 0.7887467802555749
73 0.6462531715184237 0.9239890716278225 0.18737919624239752 0.09796072083794416
73 0.7888184463610295 0.913866489427196 0.15304162472772775 0.10480342836902645
54 0.5000342112426618 0.6493711441992752 0.9999315775146764 0.7012577116014496
74 0.11107281726358575 0.29800176245630217 0.2221456345271715 0.426567412913434