80 0.3936398131490859 0.4358638743455498 0.5120639103939575 0.21204188481675423
80 0.747845222513089 0.4515706806282722 0.18633180628272242 0.1884816753926701
39 0.480098167539267 0.6289267015706806 0.17458115183246078 0.12434554973821989
86 0.3785389397905759 0.18848167539267016 0.3306969895287958 0.28534031413612565
86 0.7394518979057593 0.17408376963350786 0.317267670157068 0.2905759162303665
24 0.8099215248047378 0.2048429319371728 0.04532395287958124 0.048429319371727786
28 0.3970042539267017 0.8396596858638743 0.49856348167539283 0.2945026178010471
28 0.8326178010471199 0.6276178010471211 0.32230366492146595 0.7342931937172793
39 0.9299749287185637 0.480366492146597 0.11079941404171265 0.1596858638743457
32 0.9434096858638745 0.41230366492146603 0.1007198952879581 0.15968586387434563
33 0.2736449698738306 0.5667539267015705 0.07386125654450261 0.036649214659685826
33 0.5608397267187365 0.5641361256544503 0.07386125654450261 0.036649214659685826
33 0.5020571741481419 0.5589005235602094 0.07386125654450261 0.036649214659685826
33 0.429838609561411 0.5602094240837695 0.07386125654450261 0.036649214659685826
33 0.3509020389666124 0.5706806282722512 0.07386125654450261 0.036649214659685826
33 0.6515328078276542 0.5484293193717277 0.07386125654450261 0.036649214659685826
58 0.1351325261780105 0.15772251308900523 0.2534784031413613 0.299738219895288
58 0.9211265912368033 0.10078534031413611 0.15774681752639258 0.20157068062827221
