22 0.6374664890928188 0.6238591916558015 0.20028649161010223 0.6531942633637545
20 0.48262146892655367 0.8983050847457628 0.1309135158626683 0.17731421121251614
85 0.27355063016079967 0.24250325945241202 0.08206518904823987 0.4615384615384615
6 0.6402101370946991 0.35594441900061186 0.056762063949085756 0.03919553055633969
64 0.7410307881090691 0.3970013037809651 0.06350282485875706 0.09778357235984318
5 0.7381015588343922 0.466753585397653 0.0634986490232836 0.36505867014341553
73 0.2720851803563668 0.8780964797913949 0.08499608865710559 0.05606258148631028
73 0.25205736636245113 0.9471968709256845 0.048848326814428515 0.08213820078226859
73 0.3722242503259453 0.8565840938722294 0.05861799217731423 0.12516297262059978
52 0.5050916992611909 0.2907431551499348 0.10355845284658848 0.12255541069100395
62 0.37953834546636966 0.5202086049543676 0.24720218211286638 0.5345501955671447
40 0.37856931301747987 0.1740547588005215 0.14166390601376835 0.14993481095176003
28 0.6418670143415907 0.18383311603650587 0.07034159061277706 0.05997392438070404
28 0.6858305084745763 0.26205997392438074 0.05275619295958279 0.08865710560625814
68 0.4971110941886018 0.49838187702265396 0.5383948558514908 0.9741100323624601
