22 0.3365649445893089 0.6029986962190351 0.4384370925684485 0.7444589308996088
22 0.7827391623207302 0.607561929595828 0.41522571707953077 0.7222946544980445
39 0.5325261260248919 0.5267275097783571 0.12121496088657104 0.10691003911342895
39 0.3094097866339332 0.5371577574967408 0.1341670715806746 0.08604954367666252
86 0.28047078715775753 0.2092568448500652 0.2617727346805737 0.3507170795306389
86 0.7485668595176009 0.18448500651890484 0.2024547750977834 0.30378096479791394
14 0.10639196647894947 0.6610169491525417 0.14057076477015437 0.34941329856584036
39 0.7143610390455208 0.5384615384615384 0.11605687744458926 0.08083441981747069
31 0.05178337696335077 0.8324607329842931 0.09579924738219894 0.3350785340314137
74 0.11521801374345549 0.12303664921465966 0.20972267670157066 0.22774869109947637
74 0.5383073515259984 0.1158376963350785 0.25371361702146794 0.2185863874345549
74 0.8915287252710573 0.1295811518324607 0.2019595695862942 0.25130890052356014
17 0.2859931719918481 0.2257853403141361 0.0932100785340314 0.07722513089005237
