81 0.5194922937443338 0.23346934099211 0.34451495920217645 0.46693868198422
40 0.5149592021758839 0.524917826322141 0.16863100634632816 0.09689377548113855
81 0.07434270172257479 0.5050837893860503 0.1486854034451496 0.9211771479243736
81 0.8594741613780602 0.16915522370266822 0.05802357207615626 0.303356002055989
81 0.9265639165911158 0.4202498272779054 0.1323662737987296 0.8404996545558108
81 0.9256572982774238 0.24868765439274598 0.11967361740707369 0.4910185791701094
50 0.7348141432456928 0.5812127210945586 0.4941069809610148 0.30178857631600564
28 0.8427017225747965 0.5851232449383069 0.13145965548504124 0.10640995106606949
28 0.7316409791477788 0.460372426236425 0.10154125113327263 0.06032366135454611
86 0.19038984587488678 0.5010701578744328 0.22302810516772442 0.802041440382746
52 0.6568449682683593 0.9251652390045007 0.3164097914777878 0.13814913987335145
32 0.2162284678150498 0.19534315242842074 0.02810516772438796 0.034902418544459565
84 0.756572982774252 0.389918200028316 0.12239347234814116 0.09051718108570732
84 0.3213961922030827 0.5154130020400934 0.12783318223028042 0.07461116791864553
84 0.6459655485040797 0.8801303637226647 0.5738893925657291 0.22240513147628838
57 0.24342701722574794 0.40672427691993673 0.1205802357207614 0.23820992885929615
57 0.7103354487760654 0.5402155988429693 0.1332728921124209 0.12378879578241124
28 0.14823209428830503 0.5056641247460253 0.09700815956482373 0.4528517151044164
47 0.6389205752991107 0.22095465688876584 0.7107638495677479 0.4110159224037254
37 0.8902968573045098 0.6646292215882593 0.2185750875662071 0.1271188447759193
37 0.41458529934740335 0.5240820749077125 0.1895835219693096 0.07858411641097873
74 0.29057116953762424 0.11197634621811174 0.11151405258386196 0.15087111258127983
74 0.8164097914777878 0.17792741597770526 0.11151405258386199 0.09842809325437418
37 0.015412511332728872 0.35354058507981057 0.030825022665457745 0.09690512678402213
84 0.3118766999093382 0.6519767432772273 0.08159564823209432 0.05241180324397298
67 0.42520398912058055 0.6737622583675646 0.1559383499546688 0.23833384724911955
67 0.4746146872166823 0.4163147089445732 0.13145965548504074 0.09848579571070454
67 0.8164097914777878 0.7873888002425272 0.23300090661831363 0.17317736869144917
67 0.35358114233907545 0.597481502982975 0.18676337262012677 0.12391271417223484
39 0.0942883046237533 0.2962472486245006 0.0380779691749773 0.1223027210464343
67 0.5971621033729582 0.7498105121423184 0.23300090661831363 0.17317736869144917
58 0.49934146370010907 0.5 0.9891056823314579 0.9791231732776617
