79 0.1584558029994672 0.39060194743831206 0.3169116059989344 0.4760738837358637
28 0.5052669123408835 0.9155309872219445 0.3390241345632272 0.16893802555611104
63 0.6176111925558201 0.16750447385738876 0.12676314360586804 0.11729397063380864
63 0.5376353521774817 0.1605594244662277 0.0837590694513502 0.07891153769535147
63 0.6170372092475808 0.2367393415060555 0.06766473816195173 0.06287434273149134
64 0.7083325087008386 0.6625613181831914 0.3745480637418459 0.34936927960406616
28 0.47611624830408317 0.7134846938724461 0.25580790476620474 0.260047578700743
85 0.9219443226010993 0.44640451092463773 0.15611135479780158 0.3715233511920862
86 0.507916976424224 0.46060974868520965 0.8448166705652823 0.7971512148000417
5 0.5224027377549998 0.6776707690078019 0.7473598195574214 0.6446584619843962
68 0.5 0.5 1.0 1.0