66 0.24028795811518325 0.9299738219895288 0.06455497382198955 0.027486910994764302
66 0.3380170157068062 0.9849476439790577 0.05917539267015709 0.030104712041884807
39 0.30753272251308883 0.9345549738219892 0.28511780104712026 0.12827225130889996
6 0.48597041972834704 0.919502617801047 0.42672815284026633 0.1191099476439782
40 0.6096858638743455 0.14921465968586387 0.5630628272251308 0.27225130890052357
28 0.8472718724648989 0.4738219895287956 0.28154467792025295 0.5628272251308903
28 0.1740983684555244 0.5029506027845829 0.28329617009913477 0.3568812077739719
86 0.4976145726214243 0.46007853403141363 0.8374214659685864 0.8965968586387434
44 0.4976145726214245 0.6865183246073299 0.9593696923331949 0.3808900523560209
72 0.5130910553207596 0.5850785340314136 0.35513857402090987 0.2303664921465971
29 0.4345946911962962 0.362565445026178 0.24575486262595725 0.16492146596858637