39 0.5227421465968587 0.36060209424083767 0.17211374078427188 0.09293193717277487
38 0.7958482476760338 0.49018324607329844 0.13797547814937505 0.2526178010471205
64 0.8150516368893581 0.5850785340314135 0.3584505247040283 0.5968586387434556
22 0.28092945293300564 0.6407068062827225 0.522030932791965 0.6060209424083769
86 0.4694011112298322 0.5045811518324608 0.7965594614809275 0.506544502617801
5 0.8371153435196068 0.5176701570680627 0.3257693129607864 0.9149214659685863
28 0.8243286094702479 0.9306282722513088 0.35134278105950423 0.13874345549738187
28 0.1223288692849746 0.9299738219895289 0.23043327278555403 0.13219895287958106
39 0.6984119564055988 0.7787958115183247 0.2218987071268299 0.11518324607329844
83 0.37125360615450376 0.17408376963350786 0.7339726466502832 0.33507853403141363
29 0.6258648604067383 0.5078534031413602 0.22190041430552243 0.1623036649214647