7 0.3236162547668229 0.5149308920175273 0.6472325095336458 0.5625856140689783
7 0.8864813299510744 0.6422305885810109 0.22703734009785115 0.22345548026933448
7 0.7204213251948278 0.12409240669875451 0.3715614679336261 0.24818481339750903
28 0.7243111621527688 0.6090055406472165 0.28297965188322194 0.1969915792818513
28 0.3531389391179972 0.30093724593528604 0.2956806054472548 0.2227693791990763
80 0.5299728132875444 0.3674294356047316 0.28999825798301565 0.20292296811382493
80 0.83321073774299 0.4844083812044897 0.3335785245140199 0.28805015366990766
50 0.565318597181039 0.5939790502427715 0.8693628056379219 0.8120418995144569
86 0.4394661470905795 0.3969116939875818 0.6616768230579859 0.4715548114857918
71 0.5058457080611698 0.08265102612281039 0.3262454214247249 0.16530205224562078
3 0.664252369993639 0.2808637252481043 0.671495260012722 0.5617274504962086
74 0.7620624310459178 0.19684953259821408 0.4758751379081645 0.39369906519642817