12 0.18751269895589714 0.1586738436289949 0.37438546596212136 0.3173476872579898
85 0.6341531499282429 0.3147357721365247 0.07224982676462 0.054850217550763636
85 0.7681437377462652 0.31277683579542603 0.07750435962022861 0.06921575071882075
85 0.9336615226979399 0.3238774750616521 0.08538615890364187 0.060074047793693575
85 0.2131337048725941 0.24878491531953517 0.0525453285560874 0.10317064729786499
85 0.07454540080591408 0.08815213534944163 0.06436802748120699 0.16846852533448842
85 0.2065655388030832 0.10121171095676629 0.05254532855608737 0.10317064729786501
12 0.7753687204227275 0.33171322042604673 0.44400802629893754 0.19850554923133487
12 0.41411958659962744 0.33301917798677927 0.3178992377643277 0.15149107704496628
40 0.6400644993908026 0.6203298413479224 0.3599355006091973 0.13581958631617674
40 0.35960380822268734 0.4753685521066182 0.16945868459338137 0.07313362340101798
40 0.13168844561065893 0.41137663163072713 0.17865411709069656 0.1749983131381504
40 0.23809273593673558 0.43814876162574246 0.0683089271229135 0.08488724144760945
50 0.869293495216733 0.624900692810486 0.1274224217485116 0.37219790480875353
62 0.18751785720150144 0.7470077247389717 0.36913093310651257 0.47275663698515347
50 0.6637098972410418 0.4845102550317456 0.03152719713365215 0.052238302429298666
50 0.955336470727326 0.5210770667322546 0.028899930705848065 0.06268596291515854
50 0.6262713506448296 0.46035004015819503 0.017077231780728286 0.04570851462563652
86 0.6453190322464113 0.7626792154677613 0.31264470490871904 0.4466374857705038
50 0.1796360579180884 0.6575496318287976 0.34811280168407777 0.6699562286557561
74 0.6873552950912811 0.12276001070885201 0.6095258112506114 0.23768427605330916
40 0.5310329426369217 0.47340961576551954 0.12085425567900066 0.1057825624193296
77 0.7697399153616868 0.5815964989185978 0.45997936149138485 0.32125870172344356
16 0.49094649663048734 0.25762833343530656 0.9811808458728414 0.3526820442447707
19 0.35379218484181074 0.6286655770088018 0.6673084785102927 0.6384987195063325