27 0.3543876875022923 0.22230813794012472 0.2303615457848865 0.17432542407631146
44 0.6447817830928864 0.5215515560066426 0.7104364338142273 0.7271171691564698
85 0.13921473747984112 0.32918027367269 0.27842947495968223 0.20217499967297436
85 0.38508977513825043 0.5274691518115525 0.24317033591138337 0.16217799897977203
86 0.3570633860662379 0.6138559819034736 0.7141267721324758 0.6025098319963209
50 0.5372980656984101 0.36115121165753206 0.9254038686031797 0.7084828443197242
12 0.39336410578196024 0.4130738459223511 0.7867282115639205 0.7906477666253053
74 0.20152889557751108 0.11960857383987383 0.40305779115502216 0.23921714767974767
12 0.630772139274042 0.17343497790533507 0.24761894231681036 0.1713863609147338
74 0.4453812525623578 0.08068461897035276 0.2699547735675146 0.1613692379407055
81 0.008203744049708778 0.5420371273798836 0.016407488099417555 0.13477706175080328