76 0.8978022378886992 0.2775328252283308 0.20439552422260165 0.21264166111501853
39 0.916825558034607 0.28214474885397656 0.16634888393078606 0.06724212969444265
7 0.06113381218278707 0.248526889222367 0.12226762436557415 0.16085844160238638
57 0.7295221371072892 0.6908749701136578 0.5409557257854216 0.32703274504923396
40 0.19149067436710562 0.2486050801647344 0.2971235335142817 0.15515552322328857
4 0.3771107321176187 0.2864382638776077 0.12605751811645716 0.05171523328051253
62 0.6591874748048456 0.29172032744687637 0.5896032124779051 0.2934323567938952
4 0.3002203730951149 0.6700086492340065 0.07760889254146919 0.07494394575252716
86 0.1346968679365081 0.5242762720629689 0.2693937358730162 0.18294586844729527
86 0.5657098075349251 0.7592527160184595 0.8685803849301499 0.15150314823838773
50 0.454365962488102 0.6468232780795917 0.8822378643201119 0.1592272313954226
50 0.5523283275802229 0.27005759019056685 0.8953433448395544 0.19736487988254486
81 0.11923894801309401 0.348287392134797 0.23847789602618802 0.0854253665235351
37 0.32098092509910026 0.4436984869646739 0.10126524019248673 0.27534354553932194
37 0.43908291778127506 0.17275982353505032 0.2953893920210901 0.04586100032588958
58 0.29080010153875235 0.4975854425884574 0.5816002030775047 0.7062637724414109