39 0.8795633383775723 0.48328988521233396 0.2035471895813683 0.18829248870286114
40 0.15311880350451776 0.8266261255985105 0.3062376070090355 0.2865336181338094
33 0.6247311769924168 0.9671063037244061 0.17619440037292255 0.06578739255118782
33 0.7293161938065484 0.9796993049161832 0.1476659651208333 0.040601390167633644
64 0.2673754981241673 0.519960111479861 0.48009336815940745 0.32136156892638224
20 0.7507438099794095 0.19143274391892753 0.2027967992001466 0.1263240956870501
41 0.5540644261387072 0.12109480682455578 0.16440255264965553 0.11529213753621953
81 0.4646839993338077 0.07431408174962476 0.14272979640849004 0.1486281634992495
83 0.21995641223785775 0.14124778837070404 0.32484880027241686 0.28249557674140807
85 0.898354763688402 0.14979512277091764 0.2032904726231961 0.22368623326722764
86 0.6175340650789332 0.5493891616096381 0.7649318698421338 0.6816459149984597
29 0.8193164499208382 0.41502600107359033 0.13992962167276324 0.10384467982228035
31 0.26138930084262335 0.3546120882875777 0.4431795312194628 0.19931733725009393
21 0.6125901487927209 0.12651551833967448 0.5573605398246775 0.25303103667934895
37 0.7384571378737055 0.10467720387722262 0.18694261791280642 0.07342652067425648
22 0.7667871684564436 0.5741670219328824 0.466425663087113 0.32608525818448