39 0.716334391236227 0.4639141328346715 0.12927074805886696 0.08825155811165242
39 0.6450084161274415 0.40805408957816813 0.11968228519169966 0.08174629858098031
15 0.1755543634914645 0.4171466479683247 0.22441659747286574 0.1546779533391504
39 0.07217244611436086 0.630625660978338 0.1443448922287217 0.16417198044190606
7 0.4516166487729735 0.708260673567151 0.903233297545947 0.5834786528656981
71 0.838148242185886 0.4740995736258401 0.32370351562822797 0.4411532483602863
71 0.7053580316276237 0.1260907207962466 0.41849656507238003 0.2521814415924932
40 0.46632992893085623 0.29743386059260635 0.5346960063308832 0.3634049133139459
40 0.934011459216625 0.2521736668480107 0.13197708156675003 0.14181511885977244
50 0.6957634510145781 0.3878188832684334 0.6084730979708437 0.46468484543150385
50 0.3928964856842211 0.3993005822097177 0.7857929713684422 0.683996509184532
7 0.7609575491137233 0.2529219008428295 0.39388605250689135 0.271067456164709
76 0.3175926240133761 0.7123648119630811 0.6351852480267522 0.5752703760738378
76 0.5165606092606441 0.32304895120265886 0.5073960672467748 0.39217093112227164