86 0.7154010897908282 0.5045632333767928 0.3128277166827276 0.6310299869621905
86 0.12820741854684076 0.40873533246414606 0.19145771998970373 0.2516297262059974
86 0.3282120471244982 0.4048239895697523 0.21197069327135645 0.11603650586701442
12 0.910277189677023 0.18122555410691 0.16923503167707465 0.15123859191655797
67 0.456420766963324 0.22816166883963493 0.13675528598152042 0.05997392438070409
67 0.3359051711921093 0.23859191655801823 0.08718149481321924 0.05215123859191656
67 0.20684237004704947 0.2333767926988266 0.11966087523383029 0.049543676662320735
67 0.9376284295107986 0.29139504563233376 0.11111366985998528 0.05867014341590615
74 0.4948918664255275 0.06258148631029986 0.976108204252903 0.1225554106910039
47 0.41365020962298327 0.1819363195150754 0.8102067390481631 0.10833156992975973
2 0.4599291486455725 0.7971204188481675 0.4633614557250171 0.3455497382198953
2 0.30375641536994186 0.4901832460732985 0.12699536193944916 0.06413612565445026
46 0.5035700330222559 0.6184554973821988 0.9870321878867188 0.7500000000000002
54 0.22990060742854052 0.1603403141361256 0.45980121485708103 0.022251308900523598
71 0.18534458229000683 0.18259162303664916 0.37068916458001366 0.019633507853403093