7 0.5749332921169978 0.4284285576505253 0.6381736689749884 0.686389945051728
71 0.2099572835488949 0.7297120418848166 0.36624540444692594 0.5039267015706801
74 0.22968945224578247 0.2022251308900524 0.4372788755510508 0.3887434554973822
71 0.8994106331880545 0.8252617801047122 0.19486911205022706 0.17670157068062908
7 0.5831242925938902 0.7744911935420404 0.5416170026317217 0.19825724542579914
50 0.607056125405411 0.6465968586387436 0.07103580730879544 0.06282722513089012
50 0.32943277616422395 0.4842931937172775 0.07103580730879544 0.06282722513089012
50 0.5534243420292724 0.7814136125654452 0.07103580730879544 0.06282722513089012
50 0.5061021802267973 0.7094240837696336 0.07103580730879538 0.06282722513089012
50 0.5628887743897675 0.6963350785340314 0.07103580730879544 0.06282722513089012
50 0.6386042332737274 0.7185863874345552 0.07103580730879544 0.06282722513089012
50 0.7095874759774401 0.6950261780104714 0.07103580730879544 0.06282722513089012
50 0.4272319105560057 0.6007853403141361 0.07103580730879544 0.06282722513089012
50 0.3341649923444714 0.5772251308900523 0.07103580730879544 0.06282722513089012
50 0.39095158650744144 0.5523560209424084 0.07103580730879544 0.06282722513089012
50 0.34362942470496644 0.6479057591623039 0.07103580730879544 0.06282722513089012
71 0.6922126546031625 0.9116492146596857 0.5698650319661132 0.14005235602094246
74 0.7234173403849385 0.1243455497382198 0.5382328207296647 0.23560209424083753