55 0.410351432034837 0.6635971752798306 0.2328258145517309 0.12684614677577033
4 0.4567582345789598 0.7821313963064407 0.26230394601441626 0.17415612723850693
32 0.5946046492029734 0.5799924096273383 0.27882541270111566 0.2664904359989321
32 0.8552309716745452 0.52493654740168 0.2887316272589303 0.2772412647632903
32 0.9106394806654414 0.7874535741653357 0.17872103866911704 0.17855798274799228
32 0.5153180320318758 0.22091367324784592 0.2956802637557744 0.3154193746758824
32 0.22257033227418527 0.2590285349702265 0.261699092049965 0.24206828346291442
32 0.012823403074049528 0.26561575590172404 0.025646806148099055 0.15642148237702252
4 0.7297250736876955 0.22591064851924883 0.12111776299758092 0.08621830493254373
55 0.6791343215181868 0.18907639220220163 0.07746374206960494 0.047595732386062295
44 0.8039582986831353 0.2959356091902474 0.36045887559385537 0.32764515168589253
44 0.5554864033178236 0.7953120345753446 0.8286477232176219 0.4093759308493107
50 0.3776608319488015 0.6015115465043499 0.755321663897603 0.7969769069913002
50 0.7477283881871244 0.20707276218584267 0.41666874561937794 0.41414552437168534
63 0.7325357635291203 0.24489640961681217 0.530490808692921 0.48979281923362433
83 0.47630106029707187 0.3130539911904022 0.6869306988002266 0.6261079823808045