22 0.6478120925684485 0.6714471968709256 0.6559892438070405 0.6440677966101693
51 0.25530883311603647 0.8839634941329855 0.17626303780964794 0.16688396349413293
51 0.15173158409387225 0.9348109517601042 0.18716590612777056 0.11994784876140796
86 0.17444589308996086 0.5417209908735332 0.2907431551499348 0.44719687092568444
32 0.7850065189048241 0.23468057366362452 0.08358865710560626 0.08604954367666234
32 0.5633148631029987 0.11082138200782268 0.17808018252933505 0.04432855280312904
32 0.4824519230769231 0.2542372881355932 0.12174869621903522 0.10691003911342897
86 0.6342077564047037 0.5306388526727507 0.6722640913475888 0.9152542372881352
29 0.6484091161440467 0.25719895287958117 0.180594890288452 0.15052356020942403
80 0.16874538968127328 0.4777486910994764 0.19154941099476439 0.08115183246073293
83 0.5025891688481676 0.14921465968586387 0.9431528141361258 0.27225130890052357