85 0.10631759776307265 0.1788458154946924 0.06565234147581443 0.18521358999923304
85 0.19891679581478114 0.1796510919729499 0.0607529130074701 0.18682414295574817
85 0.2861266225513107 0.18045636845120744 0.05291382745811907 0.19487690773832342
85 0.022537370954384066 0.17481943310340473 0.037235656359417155 0.19004524886877833
85 0.09749862652005281 0.4937089184933885 0.1322845686452978 0.277015108520592
85 0.27387805138044996 0.48807198314558586 0.138163882807311 0.2592990259989263
40 0.5526535549891897 0.5347780188845228 0.04507605940213755 0.04348492982590735
40 0.7085077506439836 0.5243094246671747 0.04311562926811474 0.04187437686939177
83 0.7839085549350979 0.37694382914604607 0.25673005174124464 0.1626658486080222
1 0.7153165563782768 0.6781172320143642 0.5683337023279461 0.1240125776516603
40 0.8201643256008462 0.5516888249279313 0.04115519913409249 0.04187437686939177
86 0.755980824545508 0.5508835484496737 0.04409485621509923 0.12401257765166046
50 0.549225931301403 0.6008106901016408 0.07937074118717868 0.22064575504256473
50 0.7001283281264095 0.5565204837974764 0.0734914270251652 0.1513919779124167
50 0.8431916394020649 0.6000054136233832 0.09504891228588053 0.15139197791241654
77 0.15912076742265419 0.8065624566944485 0.31824153484530837 0.2954723707664886
12 0.16762340384981897 0.36229357176673954 0.33524680769963794 0.5690146095536474