32 0.35536234408962736 0.041900774831935744 0.0775024496308504 0.08380154966387149
9 0.37848655859400027 0.6346261329200626 0.10980585128717851 0.14827637239233404
9 0.33190489018864067 0.6084252996403259 0.12359575625196112 0.1529383473989162
9 0.32360203662539255 0.5313648722256249 0.1013083915083719 0.13798235261039
9 0.2950052572898473 0.3988117522586469 0.12706924576346285 0.15955490023769214
40 0.5467649652102816 0.26371759641005715 0.12033086949755001 0.2950009646907644
40 0.5817040746002181 0.9534153377885897 0.17147621876333408 0.09316932442282055
40 0.7392536193293392 0.7040158833436057 0.08856392108392153 0.17754176145804423
40 0.7958464209193457 0.9014004837422855 0.09507800335080663 0.19719903251542892
40 0.6927306004364432 0.532509046538851 0.05637291472442851 0.14175641285465485
40 0.6267735634693897 0.6838003355530897 0.09744773495529713 0.24367075757805579
40 0.5398761634174366 0.5259811549386055 0.11657278200430682 0.28358171492245987
40 0.5405336963168237 0.8172395266493071 0.10137193842286946 0.2641066227040758
20 0.2670690443045198 0.24567581502837824 0.19895874874905417 0.318101228587579
40 0.2996314850549548 0.12364885733567435 0.19863112534418648 0.2472977146713487
86 0.2476238004768532 0.11666871686237118 0.2841733563214391 0.23333743372474236
86 0.4864165239380004 0.8333912401162993 0.24614117423549797 0.33321751976740155
86 0.5932924585228709 0.7067062668391547 0.11565880771675652 0.2163868530825288
86 0.5117969865946854 0.2921990692626837 0.22791627538136455 0.41941994336201865
50 0.4679535591572216 0.027984803904689243 0.31334733133180853 0.055969607809378485
50 0.6599405562396256 0.5629060710002932 0.12216110928051171 0.2238624440943529
50 0.69992519883909 0.7401125002904709 0.19387097123800734 0.25734086901884223
50 0.6666550935961488 0.8936380469152206 0.20637396663756546 0.21272390616955872
79 0.28970985506320157 0.627970585363002 0.21792570441462739 0.7440588292739961
50 0.4919651690811344 0.9910935259341362 0.27207270844454134 0.017812948131727513
19 0.5852460858529169 0.7124808802302217 0.5897878350098388 0.5750382395395566
47 0.5018314751717805 0.0909480990553238 0.16804579918772644 0.1818961981106476