40 0.3550346248993534 0.40473929564915434 0.18530394523306037 0.10996947578708804
40 0.6957460354778727 0.3425186184817475 0.06889500632460988 0.0383973780753043
40 0.7395165409552676 0.45289888849817483 0.05414400312196377 0.03746234883103089
40 0.7380943303969594 0.5368006317422191 0.04325587721647206 0.023745512478054676
40 0.686330802854455 0.18796001333086781 0.06317879166980955 0.0365940985405645
40 0.5558181609991424 0.6272068532259055 0.0835207079245387 0.044360723732559615
60 0.35150644881151394 0.5813936836197113 0.29500567031337727 0.1049497865063197
14 0.10610317654849849 0.6431173464885829 0.21220635309699698 0.1150042584559755
14 0.06465220461760246 0.29047360747124157 0.12930440923520492 0.16698060307436147
48 0.29596478070300913 0.8172741480945847 0.11116067914827826 0.09753158195939815
79 0.12072982704055865 0.8372705767118623 0.2414596540811173 0.11752420356350757
79 0.4383409493772028 0.38321944547955944 0.5377347487037374 0.432173660452087
85 0.8379719648830103 0.2036175942454245 0.2384914061709622 0.10640933439918837
85 0.873006592382177 0.40430055586282077 0.2539868152356458 0.10146788432162984
85 0.8652957093504547 0.3083072486206423 0.2694085812990905 0.12761782944463035
85 0.8715933155376059 0.4767534052411255 0.2568133689247881 0.07575177897974422
50 0.5750402516983608 0.20147488954660916 0.2783004623373671 0.09471618836203782
50 0.47299386782950265 0.3085478717695336 0.5342666705348696 0.11665932346540403
50 0.2189427489939874 0.43729535386255575 0.4378854979879748 0.20769099952332037
50 0.5296087463795205 0.46880418436308957 0.4627202351378461 0.11497115245860373
50 0.5963839500792152 0.34327230707088074 0.2720446792651961 0.09698014133782523
50 0.38145008939984865 0.7716344595768554 0.7629001787996973 0.16812637336104075
62 0.5611105721827806 0.6508777017057278 0.2925982694815254 0.08600442311998147
50 0.28704544110075614 0.5833739749442047 0.5740908822015123 0.21689021131404002
62 0.6319779895678537 0.5429201990827885 0.14727036680887973 0.050645452444307626
63 0.9169563140807864 0.8032507386707919 0.1279142942917707 0.05665145079072109
85 0.7937769864617129 0.6663938382673669 0.2795396931582126 0.07232023792425168
27 0.2794164173461735 0.4136592913437577 0.08263916167720864 0.06350997496792116
85 0.8780165541782647 0.5261403672212968 0.2439668916434704 0.07575177897974417
83 0.8977784091243292 0.7759975088652944 0.20444318175134168 0.11273692144338276
83 0.8855866352734929 0.5919314605775403 0.2288267294530142 0.09196338985009334
50 0.6955002974522924 0.8182571919474239 0.18752116763488946 0.051206428034006324
78 0.5596501752791962 0.47310802442960076 0.25955562343531113 0.07541826731959073
78 0.4183749028107445 0.21454019015256465 0.4246843605261434 0.10303123356207822
78 0.12968285551610942 0.43953580219631827 0.25936571103221884 0.15607730541988296
10 0.19565497524764208 0.4268001417286006 0.06433767716263383 0.048433658859110384
48 0.5470001153561299 0.40803009112005256 0.061181626508856723 0.040555225449487864
48 0.4071010916234423 0.28657710240054746 0.06745771608108192 0.03316358807928982
48 0.4785472741509347 0.41791480691032346 0.06745771608108209 0.03316358807928982
48 0.4580020939910931 0.394125391395804 0.0674577160810822 0.033163588079289874
48 0.44375650340365397 0.36820132789363424 0.06745771608108209 0.03316358807928993
48 0.4063760461190228 0.349818075846361 0.06745771608108209 0.033163588079289874
48 0.3813765383888997 0.32544814082485973 0.06745771608108175 0.03316358807928982
48 0.45220932033281286 0.3313016789387133 0.06745771608108198 0.033163588079289874
48 0.4274280421929867 0.30864913091613955 0.06745771608108209 0.03316358807928982
48 0.49452901194534593 0.44026500941839736 0.06745771608108192 0.033163588079289874
48 0.43065050834472696 0.43742898431367566 0.06745771608108181 0.033163588079289874
48 0.5245574897677094 0.5214478024007433 0.06745771608108198 0.03316358807928976
48 0.5694184203405672 0.5125161209834372 0.0674577160810822 0.03316358807928976
50 0.6689562437284793 0.5835101487653152 0.12733229005950164 0.03542230337687602
50 0.7001424718812379 0.5962388448801059 0.13688517475925688 0.025807359136402974
50 0.6976096839010246 0.6280168426680992 0.1615590699205972 0.05039658234758804
50 0.6221299967988875 0.40460846934460165 0.0706261661097578 0.030087644937664693
8 0.09600390012140844 0.8441449608844995 0.19200780024281688 0.08151722683074658
8 0.22457544948924038 0.8267607289544925 0.09228694041916868 0.09879883012449031
68 0.4936212842075991 0.5073338669236214 0.9872425684151982 0.7725091050628112