40 0.602391340598526 0.2583937866993442 0.19740813941055846 0.14476611275206624
40 0.7313178149480153 0.4015140344270838 0.22714140023468465 0.1576204857798828
40 0.8823225304997699 0.5148137319253241 0.23535493900046012 0.1803197653896106
40 0.9139722332870542 0.11575671357057793 0.155284869900153 0.11750946084419334
65 0.8359140335373546 0.18880531682109133 0.08327002568169051 0.05978260192876644
65 0.9496351333406192 0.31416714790130784 0.10072973331876156 0.07950345745556409
65 0.9496351333406192 0.31416714790130784 0.10072973331876156 0.07950345745556409
65 0.9583467090954368 0.328496101531391 0.08330658180912631 0.07283692393406838
65 0.9709035069388857 0.3414161784599366 0.05819298612222856 0.05656601018064811
65 0.9728169640594058 0.354456348695837 0.05436607188118847 0.07950345745556414
28 0.9756968324865334 0.463865808152288 0.048606335026933234 0.265042241173869
62 0.5028231570571857 0.7777920071368236 0.7886487948920018 0.44441598572635277
65 0.3241833009701358 0.6269464279426651 0.09951513193448558 0.0698420290611258
14 0.21332475882864257 0.435955435467328 0.42664951765728515 0.48291504762624904
55 0.4864678198305141 0.3410623045133965 0.06717477086610746 0.04660756701179203
62 0.5712167236930838 0.5027829707105311 0.34409056431549334 0.25762432544807434
62 0.2911912810513956 0.40658349568997343 0.5216122305576771 0.36401157596575323
79 0.21942006178471826 0.704469456111618 0.4388401235694365 0.4520117295596854
62 0.7183774831701675 0.22862490779399586 0.3105129294695125 0.217085564245176
50 0.3742746293580105 0.3575482985553468 0.7229046893397955 0.4727974528552129
50 0.7004896371759299 0.2438333021927674 0.5990207256481401 0.4033728117449006
50 0.6053801113044741 0.4837698511871523 0.6450335831143456 0.41730068807761395
50 0.6659232745989119 0.6554273231965037 0.6681534508021763 0.4920621420054132
83 0.5815340277256984 0.14120969446020215 0.5642672217319822 0.2824193889204043
68 0.5 0.5 1.0 1.0