40 0.7931496557280142 0.1804120232051695 0.21236623654562925 0.14642135216651425
40 0.404006092976327 0.0679813420773103 0.16927848399246703 0.1150453481308328
40 0.5166439552341189 0.2830377030718785 0.12822824085851575 0.10850868062339908
76 0.22094968061984402 0.6158772758766834 0.44189936123968804 0.27365794902608925
7 0.549192587042934 0.6582424179985713 0.8974481592474653 0.6732767532656687
0 0.48368355891936726 0.31310637360607324 0.20032027423135446 0.17126068869476244
12 0.2382321092278719 0.04379567229980567 0.06610875706214692 0.04052733854608882
12 0.7951508394366464 0.009805001261150524 0.05008239171374762 0.019610002522301048
12 0.5387264595103578 0.04837133955500927 0.07011534839924682 0.036605338041628646
44 0.7350583052599013 0.4928647300605002 0.5107474692438636 0.3974293844519675
50 0.7881367702448211 0.4824060620486058 0.3445668549905838 0.8366934409515114
86 0.4035040018832391 0.11700634838306294 0.2323822975517889 0.22355402875423194
22 0.3689433500729019 0.32160404136573717 0.18129825800376637 0.27715470231518824
71 0.22170787670621944 0.1895633577155768 0.14323564030131827 0.25100803228545343
71 0.23425075208926674 0.3635049075146537 0.11086510193587645 0.10722616990991501
71 0.6066790592672957 0.1477286856680013 0.15825402193569094 0.15165068617246147
71 0.05249401255460506 0.8783533192002335 0.10498802510921013 0.238913128831033
71 0.9402241500352204 0.18977331713076828 0.10600469988461347 0.2389131288310331
58 0.7846687706796345 0.03490497706342906 0.41349407783904224 0.0539440554616631