73 0.8400104022243554 0.21048190825011498 0.19889317387631844 0.07677204259596604
40 0.9576991406700501 0.5837626452629027 0.08460171865989963 0.16338780142189413
0 0.019489639430778555 0.8101571222508405 0.03897927886155711 0.07236760899596484
0 0.08168382646024505 0.8211872467927575 0.1633676529204901 0.09591251941094325
22 0.4182964047480803 0.6085255951209394 0.8365928094961605 0.6212071055293216
59 0.8316666949468126 0.6080018810071548 0.0950411875164866 0.07697825023253746
81 0.5296305152873056 0.18068627319846908 0.9407389694253887 0.2657433104216309
32 0.11285520855031009 0.7257488918298116 0.22571041710062018 0.14151399205837456
74 0.9238305450253144 0.3572999832511641 0.15233890994937116 0.3364424738739166
86 0.6449686179872276 0.585940726683656 0.7100627640255449 0.5150029209549801
58 0.16743447952411367 0.31214639311264514 0.33486895904822733 0.21834829183430904
74 0.7993386903692424 0.3089107650484292 0.15362405586122718 0.1503480245605413