15 0.6249303885791408 0.5093273713640762 0.07306414733380062 0.11744823557774764
39 0.6971003498835344 0.5484767832233255 0.16038471365956242 0.0652490197654153
51 0.7951164890407518 0.8695019604691694 0.14256418991961106 0.06263905897479893
51 0.7140330072788976 0.83818243098177 0.1799872897735092 0.0730789021372652
51 0.8369946210845625 0.8212176858427618 0.1229616138056645 0.0704689413466485
32 0.927878008472335 0.8825517644222519 0.10157896021922908 0.1304980395308306
67 0.3709879252848336 0.41471629270422405 0.5987695976623666 0.12136317676367253
57 0.6789558065016021 0.6743675028925569 0.6415020277569696 0.6507063779587208
80 0.7737477091373963 0.4936676066203767 0.20671837161866224 0.06002909818418217
32 0.7416461295091958 0.7507487444961137 0.12830836339810192 0.08612870609034773
32 0.3442264299564873 0.6848472345330443 0.10335824773111568 0.07438388253257333
58 0.4907556390238733 0.49794551682986576 0.9701769008160863 0.9820711953189756
86 0.882343655450025 0.19756089337578328 0.2039516956510301 0.38648087584350027
86 0.7463623230358754 0.3888361743017191 0.2683574942776711 0.2711916654223884
80 0.8678160021196584 0.20804173068679346 0.24288984187955476 0.16114287365678143
37 0.215887910181908 0.7012961366362098 0.10914399059656357 0.13887109437088518