22 0.42150415858088897 0.5975916797543777 0.5398054485376751 0.6021834928809205
40 0.6308213820078228 0.1266028476318275 0.26746826597131684 0.1088915684294475
40 0.4002116792460162 0.18760836488446966 0.2901511875544452 0.2072875639982254
40 0.08627729681318724 0.261733348212949 0.15132014808210176 0.07740484984743864
39 0.7621003303421743 0.2577975083901981 0.3026580616103054 0.12725882093561908
42 0.6537796680055333 0.28600436045324706 0.615119096379735 0.17055305898588152
81 0.8793650065189047 0.09839599556877783 0.20438612777053444 0.19679199113755566
50 0.7582473011734028 0.4887001113249301 0.48194753585397654 0.8855639601190008
86 0.3723474653072176 0.47033285881875814 0.7440849836315974 0.8173427365246481
6 0.5258740817951972 0.398831768705446 0.16404909021423814 0.026238932151674166
39 0.42502704654293055 0.37915256959169036 0.15897587098902238 0.06297343716401815