30 0.12634338734484055 0.8489563711173522 0.22310706945720507 0.07255370819690532
30 0.1891079034319789 0.9149142876599929 0.3539777625750679 0.07519202485861143
30 0.5876879563438039 0.776296413232674 0.22432347185214163 0.30271907352802174
30 0.38073998978313517 0.9445953501041808 0.26450494176999806 0.08178781651287548
30 0.5556793856855851 0.9571273542472807 0.23779663705206722 0.0751920248586112
30 0.5505386827199781 0.5701441385292513 0.20984989584439162 0.14865456202995658
30 0.5665571363425685 0.6901776639743814 0.2705822886571597 0.20144066058902155
30 0.4201148649689646 0.7420465694354529 0.21071967148281 0.19378558879121743
39 0.7035297157292868 0.26325007221870117 0.22042370857156268 0.1174050914459008
39 0.40222755205111893 0.5264221592238385 0.2084225140278821 0.1609373163640438
50 0.5097742145513393 0.5198263675695736 0.5625117972862019 0.8073248984819236
71 0.219857852276722 0.5686352258111286 0.2204468898371832 0.22161859958327335
71 0.9045873972975805 0.648444304827724 0.17368542835656853 0.28361904113335556
74 0.3728346334061612 0.05152516011682404 0.5798421223596211 0.10289434980651976
74 0.8504820918005733 0.16893025156272487 0.07882646363875045 0.30604473275785377
74 0.18044462045734683 0.2830374471814936 0.16566917781703464 0.3152788410738235
40 0.2829447132601147 0.1821218348712529 0.12692709947941636 0.14510741639381003
2 0.6728951584118916 0.47092686035894976 0.4089918056859844 0.34300361243312116