82 0.5099863907302343 0.12638528886742553 0.4215423451009963 0.25277057773485107
11 0.2573297396801133 0.5743170247514946 0.17397562568489638 0.22689564859447559
40 0.27688465462192335 0.5253438932090149 0.1330325448525045 0.08364377131861278
37 0.4718592770829595 0.8158652299402227 0.943718554165919 0.3682695401195546
74 0.28048261304009237 0.29341261634756843 0.5358131264161683 0.37644079503440114
74 0.8335997502716765 0.3744172208983393 0.3328004994566469 0.6298433165139834
22 0.5660146075411631 0.49663552130725575 0.4567703917595791 0.5794634335298694
86 0.6150894899814532 0.3035839201454642 0.40192634573121755 0.37421335530939986
74 0.21522883945003463 0.07450611193024079 0.281131406523497 0.14901222386048157
74 0.11319482050214608 0.518908853402675 0.22638964100429215 0.19715635904451667
44 0.6472334068877813 0.34667103699022567 0.27258395966507987 0.22657316453264575
40 0.6854669801143072 0.17132162433368123 0.14627212662883726 0.061688988299811454