81 0.06590727583966507 0.4680044036967362 0.13181455167933015 0.3541653172462359
86 0.427998773645815 0.6420560010394645 0.3637667991919217 0.2653286239730863
86 0.2805046198371195 0.7474173714267974 0.3824864917257149 0.28462673524274096
86 0.8234430920597811 0.3061446301965388 0.28595928506813495 0.21359864932503908
80 0.6710943872741368 0.4473251178763761 0.32889543452271 0.2318974911295027
28 0.836467310678626 0.6998682109494434 0.3270653786427479 0.3718476563080082
84 0.6469475315182198 0.868284995678018 0.5179897251495034 0.26343000864396404
32 0.44557390187211326 0.2606817964623108 0.08409695384333615 0.059944684037358476
24 0.5043707762180786 0.2861286425827375 0.09769411709172987 0.06939861745176867
39 0.40955852732371123 0.44209434658542957 0.2634145849594804 0.1875249065842104
39 0.5799427837379549 0.5779589375167236 0.2819271009858996 0.1993709942986875
86 0.6090371630875518 0.48927186459177846 0.7819256738248963 0.748553080692188
33 0.5294123472527043 0.5234768296010642 0.3017438511534159 0.21643922469243027
37 0.9337221862202394 0.4329145542560445 0.1325556275595211 0.16291991260490662
37 0.5578868192056343 0.7354928849348992 0.23065734907894658 0.15468935349903135
12 0.2134339822914031 0.5180235323881195 0.4268679645828062 0.29852842660558065
81 0.28365445727685124 0.21645096325072236 0.5673089145537025 0.4329019265014447
81 0.6036597917936014 0.17481581588310607 0.40743345734770714 0.2953585888657494