8 0.8420527511607232 0.3542254617645342 0.19541308571240412 0.08400319196558909
79 0.8411329514709708 0.5438889186243405 0.3144923038955978 0.4895811031744485
39 0.4236910994764398 0.5799840401720547 0.14744805558299584 0.09187849121236291
39 0.644857694435097 0.44872905272582186 0.08527116467450357 0.08400319196558909
69 0.34568195420667686 0.27636622937531014 0.3193631214767624 0.297072139029405
69 0.4658892445612176 0.250622716077576 0.152572653547896 0.2009876832379996
28 0.31887176571090015 0.8339624408805155 0.17942474233593464 0.21132052978843507
22 0.5488192379635083 0.5602957920551197 0.6997091183205846 0.6090231417505207
14 0.13854574708866083 0.3804764592537807 0.16342130581591474 0.2835107728838633
86 0.405926273502585 0.31353641565620194 0.39260265402219374 0.5118944510403083
2 0.19008363792024768 0.840525190252827 0.2131779116862591 0.21132052978843507
31 0.7088220447726479 0.9330599564024213 0.5578155355790444 0.1286298876973082
83 0.8020908113952839 0.15865553046964723 0.3783811885153956 0.30451157087526043
83 0.10487284581994609 0.11796648436131499 0.20974569163989218 0.23363387765429466
70 0.4705428632578561 0.6036099379123766 0.08173192051932382 0.03937649623386963