40 0.4476832027873108 0.24632655455929947 0.22380233756874218 0.190113323828068
22 0.5597222840217444 0.6592855000253257 0.5413900459449521 0.6474115190966893
75 0.8704940269360693 0.7344966601913373 0.2590119461278615 0.4120301466151737
62 0.3843835356711295 0.5379564991068926 0.31740450952214044 0.4289337790378599
83 0.18609520831859722 0.4933829535141347 0.37219041663719443 0.845230681495967
83 0.7609343801105326 0.29019755004466496 0.4781312397789349 0.5803951000893299
62 0.643714082310284 0.480478200212775 0.20405175320096214 0.2899077115153537
83 0.344002956164824 0.1083316175952565 0.4551853821597072 0.216663235190513
86 0.5474682404645362 0.626146372904455 0.5161420868561477 0.6976816660882419
50 0.48001637874544034 0.479893231224623 0.5685012511858596 0.6447364421294408
31 0.295997011366546 0.8998378674463021 0.37323445154702156 0.20032426510739576