20 0.7800180288461539 0.6473272490221643 0.08275240384615379 0.17601043024771834
39 0.4602463942307693 0.4667535853976532 0.10522836538461533 0.08083441981747069
32 0.26409254807692306 0.44067796610169496 0.04597355769230771 0.05475880052151233
32 0.6472055288461539 0.3683181225554107 0.04801682692307696 0.06127770534550192
81 0.7529447115384617 0.27249022164276404 0.18798076923076934 0.3494132985658409
81 0.9327524038461539 0.18318122555410687 0.11237980769230771 0.31160365058670136
81 0.3024038461538462 0.21707953063885266 0.03269230769230769 0.18383311603650584
81 0.3402035441112907 0.2242503259452412 0.038822115384615385 0.166883963494133
34 0.27737242815629715 0.5893089960886571 0.25030048076923084 0.6910039113428943
34 0.5904954139508729 0.48565840938722304 0.16141044111290637 0.7105606258148631
34 0.47148437500000007 0.2835723598435463 0.12770432692307687 0.21773142112125166
54 0.14405048076923083 0.168995039173976 0.27992788461538476 0.1365861928384886
37 0.9046556905965564 0.6505867014341592 0.17878958034534553 0.6101694915254237
74 0.5368639021080047 0.05932203389830508 0.5424868065515518 0.11864406779661013
73 0.4873197115384616 0.7992177314211213 0.051081730769230727 0.1277705345501956
73 0.5981662844959059 0.7940026075619293 0.10727280883306456 0.06258148631030014
73 0.24462923769788258 0.8983050847457628 0.10931490384615386 0.0730117340286831
73 0.3672562147581204 0.8265971316818779 0.058232977373976424 0.13820078226857846
37 0.08939479017267274 0.6923823670688342 0.17878958034534548 0.6101694915254237
12 0.08490953947368424 0.31037151702786375 0.1601151315789474 0.1346749226006191