32 0.5819583782150201 0.7372881355932204 0.09050194299337866 0.16818774445893137
32 0.5012783350229506 0.4634941329856587 0.09050194299337866 0.16818774445893137
59 0.4915498696219035 0.3129074315514993 0.10404715341156018 0.11473272490221642
40 0.9400124945675793 0.05867014341590612 0.11997501086484141 0.1121251629726206
50 0.9325347674923945 0.18318122555410693 0.12641242937853092 0.35853976531942633
9 0.05105010963360538 0.78748370273794 0.05931660147761843 0.29204693611473287
9 0.15700341936776896 0.7848761408083442 0.059316601477618414 0.29204693611473287
9 0.10645688628358084 0.7848761408083442 0.05931660147761844 0.29204693611473287
9 0.2133822447309019 0.7913950456323338 0.05931660147761844 0.29204693611473287
9 0.9356144386068976 0.8070404172099086 0.059316601477618414 0.29204693611473276
9 0.8870120029490245 0.7940026075619295 0.059316601477618414 0.29204693611473276
9 0.8384095672911511 0.8109517601043024 0.059316601477618414 0.29204693611473276
9 0.9703416992611906 0.7848761408083442 0.059316601477618414 0.29204693611473287
33 0.7103402581872993 0.6910039113428945 0.045702955236853415 0.041720990873533315
33 0.6772906019399454 0.7196870925684484 0.045702955236853415 0.041720990873533315
33 0.7531104015662275 0.6949152542372883 0.045702955236853415 0.041720990873533315
33 0.7628308886978024 0.7353324641460237 0.045702955236853415 0.041720990873533315
33 0.716172550466244 0.728813559322034 0.045702955236853415 0.041720990873533315
33 0.7997687397977857 0.7170795306388529 0.045702955236853415 0.041720990873533315
9 0.2838557764348181 0.515645371577575 0.04084767592762656 0.24641460234680607
9 0.3139892865426994 0.545632333767927 0.04084767592762656 0.24641460234680607
1 0.5032187092568448 0.6786179921773143 0.9850445458496304 0.6297262059973925
86 0.5051737989655432 0.46610169491525427 0.4676947848021856 0.8513689700130379
86 0.825857231132143 0.334959349593496 0.20373983739837398 0.5203252032520326
79 0.20738425345000422 0.6934959349593495 0.19156282876852984 0.17398373983739857
45 0.08185975609756099 0.13089430894308943 0.07397696476964771 0.08292682926829269
45 0.6469983597873328 0.12926829268292683 0.05214769647696482 0.06666666666666665
45 0.32380174370855774 0.10569105691056914 0.2158554198000061 0.20162601626016266
19 0.20434186269339805 0.2739837398373984 0.39656504065040643 0.17398373983739834
19 0.6733030217318259 0.27967479674796747 0.14066882023774463 0.1723577235772359
45 0.19221449141968538 0.05853658536585367 0.12976287262872632 0.10081300813008129
45 0.7949408106880225 0.03983739837398373 0.24374837372954505 0.07642276422764227