38 0.5884581386221938 0.18478984263732995 0.2132376631854878 0.2727315440059278
57 0.517336033797777 0.574077802244337 0.33201527228721484 0.851844395511326
86 0.5265416139916452 0.5103798277907968 0.33730711405006597 0.9792403444184063
12 0.897403152218744 0.36463502852068064 0.205193695562512 0.5659373815343516
12 0.07777669468704265 0.37542486498920286 0.1555533893740853 0.7508497299784057
12 0.7495745096730688 0.30629792976573084 0.19034073468187584 0.5225838381119515
28 0.7628009297651719 0.7840984171194838 0.33208607870826923 0.4318031657610324
28 0.264336604918908 0.7053143220883233 0.2554767250178686 0.4400694659325143
49 0.6947145040586027 0.8044423262598042 0.13747194715075428 0.235974109478994
49 0.3424722075493689 0.7725055182450701 0.11245007131887985 0.2079084022127582
49 0.21677841525937355 0.6131153939592653 0.11994014445723794 0.18693229227651176
41 0.5136314009294185 0.5051624191762477 0.9727371981411631 0.9896751616475046
77 0.02518094786591421 0.8044140012661944 0.05036189573182842 0.1885928361399184
77 0.9421480362580735 0.8516376059856835 0.04304981081047754 0.07808579633719659
75 0.9504612271167031 0.7769696531936061 0.04974144542413539 0.07790930897802106