86 0.4718709256844851 0.8089960886571055 0.18591916558018245 0.36375488917861787
51 0.4411020492203404 0.9445893089960884 0.08992829204693609 0.09256844850065193
81 0.6779986962190354 0.7464146023468058 0.1657105606258148 0.11603650586701453
12 0.1657105606258149 0.591264667535854 0.16166883963494139 0.228161668839635
12 0.42286505867014346 0.48435462842242505 0.26978487614080837 0.1655801825293351
12 0.648696219035202 0.49543676662320735 0.13337679269882652 0.10951760104302483
12 0.5880704041720991 0.3598435462842242 0.07477183833116041 0.1329856584093872
58 0.843204041720991 0.43807040417209897 0.2940352020860496 0.36245110821381993
58 0.7987451108213821 0.9035202086049543 0.38093220338983047 0.17470664928292035
81 0.18945567144719688 0.8500651890482398 0.350619295958279 0.27118644067796593
81 0.48399608865710564 0.20664928292046933 0.9518252933507172 0.3872229465449804