63 0.4372528248587571 0.1303780964797914 0.26675901781834 0.2138200782268579
28 0.8228935788787484 0.2470664928292047 0.08002770534550196 0.3011734028683181
14 0.8582842867851866 0.636897001303781 0.09278574532811823 0.6088657105606259
22 0.6384416421752191 0.6438841355740662 0.7231089416828749 0.6965863572742903
73 0.28489315416222194 0.8352191203181145 0.07043533443957162 0.0440402802253822
83 0.5068421338548457 0.3337679269882659 0.4128965667101261 0.16427640156453716
83 0.9290172750977835 0.1688396349413299 0.1345393307257714 0.3246414602346806
86 0.8001742418199451 0.3085140458995239 0.39897104356754365 0.4312118038984712
73 0.2758022450713129 0.8018318455030706 0.05952624353048061 0.029050075206382253
31 0.11454545454545453 0.8924850867850407 0.21454545454545454 0.19621034703001905
31 0.9375757575757572 0.8672775945073226 0.11030303030302968 0.24935186774575036
28 0.15636363636363637 0.37198211624441135 0.2981818181818182 0.7276133702363212
68 0.4939393939393927 0.4850724471415736 0.9684848484848458 0.9538009942883643