33 0.820563625007587 0.8377203601416165 0.10777922642329418 0.07829210130562958
33 0.9386686551073439 0.7861831839440299 0.08692779682548246 0.05871907597922188
33 0.89349055764542 0.8514266016987211 0.09387827335808663 0.06654828610978514
33 0.8570005558492511 0.7914026573644048 0.09387827335808696 0.06654828610978458
33 0.9577824655720043 0.8344633130825011 0.07302684376027568 0.06132881268941004
28 0.5971494358120661 0.561093392690345 0.09563100222283105 0.20877893681501203
28 0.5633467360884619 0.7971745829787509 0.25018738377085437 0.2866330965530709
74 0.09732508743068687 0.2768114252815727 0.1807431779035293 0.5379644303020196
71 0.8827857973518732 0.2794262858203798 0.23298547537199776 0.5458038880898214
71 0.8231203824424165 0.6106783901839103 0.3181225554106911 0.12787709879919484
71 0.21555845284658842 0.6446049674163499 0.41025641025641024 0.08873104814637978
39 0.7283789656671013 0.2968575507838453 0.12516297262059983 0.15788907096635288
39 0.24337546870859575 0.3431803773896761 0.08344198174706646 0.13570630892975782
4 0.49497798245000746 0.4536322014511154 0.08996756374613452 0.09860643635644784
57 0.3928522659214547 0.5976297066329719 0.4102564102564103 0.2661931444391405
50 0.5397653194263363 0.6791839788263363 0.47457627118644047 0.5597885243352512
2 0.8603839441535774 0.8848997200983371 0.2443280977312391 0.09038946067621789
3 0.5 0.7866503063198391 1.0 0.4231274753393963
25 0.48865619546247796 0.23514359697653808 0.5235602094240834 0.3314280224794659