82 0.6717405684758956 0.647970988404153 0.24062545873027008 0.565150038560642
82 0.453617013985932 0.020513336072283145 0.09263897074262067 0.04102667214456629
82 0.7621968696356635 0.8676747570771008 0.20020199793719295 0.2646504858457984
82 0.5408843715948646 0.3803852000742951 0.10223025218224802 0.21143803099466946
82 0.5060185003137456 0.1743125041252058 0.07222577771613425 0.10451440897098146
12 0.6545636055460339 0.22468776804473847 0.3450338948147483 0.44937553608947695
22 0.37813060832558376 0.8586604010735583 0.42418143164521943 0.2826791978528834
44 0.3690814487281182 0.6703278895315845 0.3824621496974183 0.3894271792739171
44 0.43050760770527113 0.35939541140712433 0.16170139724449772 0.15032647412268518
44 0.35867885702619173 0.0010183721511389243 0.12827345040191857 0.0020367443022778486
12 0.8730924839760732 0.7838386598210154 0.22167660357777352 0.43232268035796917
50 0.4171075819605697 0.36055110176343974 0.2569385341564282 0.1965748184648104
50 0.3883530578953959 0.6668424807646733 0.5025739775421586 0.3935391714995323
50 0.3414976214030459 0.024544479556377286 0.24919683465546105 0.04908895911275457
50 0.4909832403332561 0.9587798157542038 0.5343787001113803 0.08244036849159242
10 0.5122000159971121 0.6274775608399145 0.049863069978649255 0.09744437259067884
82 0.5684609200766086 0.5258695113103425 0.02394145792911595 0.056973827937141286
45 0.8116922885478568 0.409988658709444 0.16366456204984758 0.17140616228145183
77 0.23239011038892715 0.19919156471552046 0.3858371037334989 0.3983831294310409
16 0.6287480843836535 0.4836817681454004 0.6606501423397091 0.9673635362908009