65 0.2941817343067795 0.34049143183010355 0.07655827999064291 0.06529787803662346
40 0.7574574798911826 0.1328441796736412 0.19434024920701654 0.15149107704496628
40 0.22743861841750107 0.13023226455217624 0.16293172408265022 0.164550652652291
9 0.5336717383800726 0.4201548430347841 0.07066918152982421 0.3291013053045819
79 0.6087546095014282 0.8472029653943012 0.5624151715163503 0.30298215408993256
44 0.871791604655748 0.6147425195839219 0.22871839759445556 0.7156647432813923
44 0.23457333543511677 0.6500033737236988 0.36814057668433164 0.6817098467023482
39 0.47036392992627174 0.5938471986122025 0.10305922306432702 0.14104341655910668
39 0.5867127202231048 0.6251901800697814 0.10404106939594537 0.11492426534445699
55 0.26424548379761786 0.3006597262277633 0.052020369737231675 0.03526085413977664
55 0.7446977665594088 0.30980142915289066 0.053001886147368116 0.0274251087753819
50 0.2941817343067795 0.4181959066936855 0.44560845020194706 0.7352541066923796
50 0.810459695960033 0.4743520818051816 0.33764164508693795 0.8109996452148627
68 0.4994106687958634 0.2614084488329441 0.9964640127751798 0.5228168976658882
85 0.3181437968138094 0.15431406185086574 0.6362875936276188 0.3059756057054586