62 0.3027938442983512 0.4725847189578447 0.6055876885967024 0.6617426244191198
38 0.8776158511952066 0.606628841885003 0.24476829760958696 0.3417502333770814
12 0.9555800199111127 0.3145717311215205 0.07402411162049671 0.05953934300766145
12 0.8348305651819938 0.33189834183427647 0.08423762923134026 0.06734657257829463
39 0.05651398962755874 0.5661107485071654 0.11302797925511748 0.21114597883946518
50 0.6256888079650145 0.6294135988544073 0.7486223840699712 0.3872783023151209
85 0.7806084346078216 0.30084175812116 0.4387831307843568 0.40697389690266833
48 0.2824536005958378 0.6517957168021129 0.5649072011916756 0.46232035735346216
47 0.8033774983643462 0.2879790885189407 0.2982354992610077 0.1783727942819615
74 0.986707779203591 0.2668999424605887 0.02658444159281803 0.16891736406552527
83 0.6946687266691407 0.7965844107651663 0.6106625466617186 0.1315702041014034