20 0.14346656368494032 0.42065546422482664 0.28693312736988064 0.28233349741784675
86 0.5 0.5531449013388593 1.0 0.5514416637718933
7 0.7538504906761672 0.15698894806797487 0.18144901181436612 0.14230071776974162
32 0.08343828174691786 0.7685546219867716 0.16687656349383573 0.2502691859593438
32 0.31463134034055107 0.8606050320005706 0.44942648002856295 0.21947784416335847
32 0.06893289427068858 0.3077439190776813 0.13786578854137715 0.1505646028882997
71 0.6780667070595524 0.24369748419220738 0.4214188993579396 0.36275516140452
22 0.5181776187991258 0.5454270606721006 0.7663788566418832 0.4374285328351273
20 0.9811026115252104 0.6348349841354584 0.03779477694957922 0.12662405080857753
74 0.8811399019903432 0.3711106054037946 0.2377201960193136 0.6741741165565578
3 0.5240528356604163 0.4736922913993936 0.9518943286791675 0.8298157575410479