86 0.35388363754889185 0.4582790091264667 0.12992829204693612 0.4471968709256844
86 0.5120200456323338 0.4719687092568449 0.1487337027379399 0.4771838331160366
86 0.8368407757496741 0.5221642764015645 0.25130867014341607 0.7235984354628422
0 0.8317120273794003 0.17796610169491522 0.24447033898305093 0.20469361147327245
81 0.14104131085152827 0.5104302477183829 0.26841034339631964 0.45501955671447153
33 0.15386245110821378 0.8520208604954368 0.290629074315515 0.18383311603650587
33 0.4983433833116037 0.908083441981747 0.31285365058670156 0.15254237288135597
33 0.49834338331160366 0.7959582790091264 0.27182366362451105 0.09517601043024781
81 0.1914732724902217 0.11538461538461542 0.23592242503259458 0.17861799217731422
81 0.45303816070343716 0.10365058670143418 0.2598565840938722 0.16818774445893092
58 0.5028683210673418 0.4862565445026178 0.9645582460732984 0.9332460732984293