33 0.6071577574967406 0.8722294654498044 0.13118644067796614 0.07040417209908745
33 0.6071577574967406 0.8722294654498044 0.13118644067796614 0.07040417209908745
33 0.6559680933426586 0.9035202086049545 0.13118644067796614 0.07040417209908734
33 0.745173189888646 0.8826597131681877 0.13118644067796603 0.07040417209908745
33 0.7502225349761551 0.9374185136897002 0.13118644067796614 0.07040417209908745
51 0.8964406779661018 0.8461538461538463 0.1614602346805737 0.09387222946544982
81 0.10259452411994785 0.1701434159061278 0.18837027379400262 0.17340286831812257
81 0.4978357235984355 0.16101694915254236 0.08745762711864413 0.14732724902216426
81 0.5751958981266423 0.09778357235984356 0.07400260756192967 0.13820078226857885
81 0.8949877536688626 0.23337679269882664 0.10766490814532137 0.15906127770534545
81 0.8074657721520441 0.1792698826597131 0.0941999879119646 0.19165580182529318
58 0.2489178617992176 0.3611473272490225 0.4742894393741849 0.3129074315515
74 0.3876727509778357 0.06844850065189048 0.19341590612777054 0.13428943937418514
28 0.7114341590612777 0.7170795306388527 0.5382007822685788 0.16688396349413304
28 0.14036436792526144 0.6101694915254239 0.2304630005382054 0.12255541069100373
79 0.7018252933507171 0.9028683181225554 0.5963494132985658 0.1812255541069101
80 0.7072294654498045 0.364406779661017 0.3447848761408083 0.15254237288135591
57 0.7021838331160366 0.43676662320730114 0.4019687092568448 0.3807040417209909
86 0.7054881839453622 0.3754889178617994 0.28421501161314866 0.5501955671447198
54 0.26842949600751337 0.12303664921465961 0.2668021556955874 0.22513089005235584