32 0.4409801914844953 0.21457837470992083 0.25637105048435355 0.12924642049217067
32 0.3848239602471014 0.7103744278060977 0.1544782315623932 0.08181768528712396
32 0.36174299510359936 0.4083731775622268 0.19847187068367755 0.1194981565964644
32 0.5833527925240695 0.589720528810585 0.13423454673560054 0.12771896483740774
32 0.5966060268095281 0.37874724057167064 0.17923697103646852 0.10087135510256495
32 0.5525918069792939 0.7291383983543104 0.19171617983762596 0.09919873556627334
32 0.3199833173138661 0.7795149654351401 0.10578285283856492 0.06091425274500273
32 0.9695160616916556 0.16285472586262723 0.0609678766166889 0.13565231975630876
32 0.26963243093425693 0.6760711748782003 0.11642857760122133 0.09469919131514981
24 0.8053967710691783 0.4098675304104361 0.07100081069791564 0.04767846033619971
24 0.8360243919989734 0.6032735079051047 0.06383796769159666 0.03657700953510434
86 0.5 0.5025312831895891 1.0 0.778153291527351
62 0.4065776562694251 0.5133752693523457 0.8131553125388502 0.7563767786406278
14 0.7764187411814918 0.2757421734074274 0.3683027638804618 0.24205697338448373
14 0.8809941743072183 0.7273945142130445 0.23801165138556346 0.20719969099767832
83 0.9743485751767476 0.28919127956506263 0.051302849646505 0.15822416341613504