58 0.31689437675719734 0.865186855406374 0.38362414901612113 0.26962628918725207
7 0.7573765971372498 0.3819012024909043 0.4852468057255004 0.6679312811861355
47 0.4238238594937316 0.2841970560123944 0.8476477189874632 0.5683941120247888
22 0.4567745102966313 0.5330486075682721 0.2992508410970422 0.36787633206308346
6 0.4274262894627455 0.6053646028899415 0.10090302849892446 0.10075358404652723
39 0.3348189933159682 0.7350820776319672 0.0867166505840064 0.09272142171876685
28 0.5390669408540212 0.681046214825138 0.31589983417555645 0.3475076889385049
86 0.4285594919196985 0.5117311978029018 0.3791817419869542 0.5144926759148984
75 0.09462074669109755 0.7495761168784614 0.13352551798227474 0.16418462710074
7 0.20958585095275015 0.7464987700110896 0.14243816766525402 0.16975055200529776
84 0.9402060762253731 0.43928058699724837 0.11958784754925378 0.43320265333121966
84 0.7508032385318457 0.2787813228131471 0.0931396095450796 0.10933325140017669
84 0.8956416111890593 0.17669218098613285 0.06721113638632703 0.08288945753393179
54 0.6426824679000054 0.02494885844148631 0.16739100811220275 0.04989771688297262
84 0.7915575207393063 0.7435241613952581 0.4168849585213874 0.4321076033836978