70 0.6732437786683578 0.5271223466978258 0.14844686721271716 0.08467087449755772
8 0.9075553108815964 0.3236953822323626 0.1848893782368074 0.2151365751240623
50 0.3733224220425929 0.8065324676487341 0.4489679836328426 0.17119306903813203
50 0.415330972144512 0.7238681898674902 0.46347696077647726 0.19974378345253752
50 0.4357058812172103 0.5947494675412389 0.29301700280193277 0.1352249227989577
50 0.03370075667013439 0.5358525129760003 0.06740151334026878 0.12551990780195477
50 0.19355252772545076 0.42829931141026767 0.33472876138675794 0.16555800660719955
50 0.49375224302589754 0.3499559702273329 0.6878580270023066 0.3277530967260428
50 0.39706230757338573 0.5243954114837449 0.2530546336172249 0.11746613461992084
50 0.21872208969953777 0.5548424963148617 0.30178987270273505 0.15248814546813305
69 0.4539933825037662 0.7506618224960808 0.1798842149523323 0.12872314700087373
69 0.08307855321569443 0.5563981124156713 0.15832934113368663 0.11636853908728528
69 0.4328938472967291 0.6363795804112907 0.2874099075504388 0.1678552342680215
69 0.1838603521990319 0.45165803851336567 0.24679621673808694 0.13936229181684168
69 0.39576269431156796 0.819746275805799 0.14652173964476028 0.08438024260793142
39 0.62267468089712 0.43060136056811393 0.18742256797611023 0.09485387411552887
39 0.8965423120320213 0.6454309981196197 0.14985501702613768 0.10311525855800108
79 0.9276583751419922 0.5613478240486798 0.14468324971601554 0.43567235907972945
28 0.8722000810316877 0.5641733473235319 0.25559983793662466 0.14460470653260543
57 0.821462755884586 0.4973503625552768 0.3570744882308282 0.43716484457043536
4 0.3861814914633407 0.3756698856790817 0.08998410841125232 0.04618051620577257
4 0.2856054488761576 0.5738952709943411 0.11330607959264943 0.062114264319892865
4 0.25440804156553 0.43713977981260277 0.0899841084112522 0.046180516205772515
4 0.4799122806633918 0.5322839702309969 0.1133060795926496 0.062114264319892976
14 0.031989291169515405 0.5449311686424823 0.06397858233903081 0.05180212083296232
14 0.8238826271319891 0.8585017492044591 0.35223474573602176 0.22083583474233015