50 0.022503054813344442 0.5676235767098572 0.045006109626688884 0.07369717664081499
50 0.04051513976749402 0.5494721960955097 0.08103027953498804 0.07581467374472539
81 0.48670095695775806 0.1794792616831309 0.6541311379297032 0.3589585233662618
54 0.11043559802022021 0.3692256704494076 0.22087119604044042 0.4010493192523545
28 0.6921698214695748 0.6550296088462498 0.5864296963363362 0.4180576275281731
22 0.4713778120723061 0.38935628604439254 0.3897161195484824 0.2772623399811802
86 0.5297188671794678 0.5808357621435599 0.9405622656410644 0.7097624083931602
86 0.43420693153788514 0.3795688654045628 0.7013280590341755 0.4971159574259075
37 0.8207404453440195 0.7305874401749863 0.35851910931196096 0.5020477168459265
54 0.4428176295366032 0.05978313048684669 0.21293623731104044 0.11956626097369338
81 0.49013281070115605 0.164777676513368 0.6038702600820972 0.329555353026736
47 0.5 0.5 1.0 1.0