32 0.1709371696575998 0.41069339545789213 0.08365767935122814 0.12275329462705542
32 0.5923785363012786 0.3749431439298979 0.08563535827654245 0.10823737817143803
32 0.5256316623913231 0.4050731561486783 0.05099536248264935 0.06350138703933961
32 0.6513644967907217 0.42845452429200587 0.05325316559718096 0.06880447767144238
32 0.6081183013922262 0.4492949267693213 0.05325316559718096 0.06880447767144238
32 0.6486600113465499 0.368360514243983 0.05325316559718085 0.06880447767144243
32 0.5517766662822965 0.4139871098191588 0.05325316559718085 0.06880447767144238
32 0.630726376612766 0.324481816245622 0.05325316559718096 0.06880447767144243
32 0.5320837674960267 0.36402615236456665 0.05325316559718085 0.06880447767144238
64 0.18561620638298887 0.8098686828389026 0.2835663826175444 0.3096171663036712
64 0.22598497591965896 0.8847843679044373 0.29710079987685817 0.23043126419112547
64 0.07780951094903399 0.5792876152089383 0.15561902189806798 0.25061785498637545
13 0.9252437296280571 0.3561758539912958 0.14951254074388576 0.3654166216296681
57 0.4386925015570201 0.5786442509017016 0.778295383412227 0.7207001656048881
28 0.4452311007022589 0.756113543831651 0.5377245302833575 0.4791744262425872
28 0.8844429480846855 0.6363401929265977 0.23111410383062903 0.4139851254198916
5 0.5270370445605757 0.6664951195950377 0.9459259108788487 0.6670097608099245
86 0.62640566516315 0.3268443348764114 0.5288211713368557 0.6536886697528228
86 0.46824977241477583 0.5 0.9364995448295517 1.0
68 0.5 0.5 1.0 1.0
29 0.13589899851517567 0.47860603518871153 0.0992555569400333 0.1434496778182438