63 0.5162958115183246 0.22971204188481678 0.16889179755671901 0.17931937172774876
63 0.687325479930192 0.13612565445026176 0.23302792321116927 0.25654450261780104
63 0.8433780546841991 0.17146596858638743 0.10261780104712048 0.1884816753926702
85 0.07642888307155324 0.29908376963350786 0.13361692844677137 0.49607329842931935
86 0.3009024662736 0.5687172774869108 0.2362450132125965 0.6138743455497382
79 0.8861428989173412 0.7532722513089005 0.2009598603839442 0.475130890052356
64 0.8161321989528796 0.375 0.2041666666666666 0.13743455497382195
5 0.6363452478837259 0.4730318686182076 0.5432936178156549 0.36700889515106006
32 0.9171211732207305 0.44109947643979047 0.151837392720526 0.18062827225130895
57 0.3451112735038408 0.5780899390156816 0.1512985551152629 0.5854992497591127
68 0.5 0.5001855287569573 0.978181818181818 0.9825602968460112
31 0.27393939393939387 0.9224572406125543 0.49212121212121207 0.12023144626378124