81 0.502098702009991 0.2487606393530563 0.37254066293560195 0.4975212787061126
40 0.5164769034710002 0.5217830248232216 0.1738189969523679 0.129790845165124
81 0.09056224455244152 0.5586388552464353 0.18112448910488305 0.8827222895071294
81 0.8357174049542528 0.12814818178145218 0.07730216594580364 0.25629636356290436
81 0.9128295724717734 0.38332891899989097 0.17434085505645325 0.7666578379997819
81 0.9066256137378113 0.21075551754706748 0.15071197256312718 0.42151103509413496
50 0.7385586312824777 0.5340080927666331 0.5104666996226404 0.39806501756951057
28 0.8460025506796915 0.5164458072059908 0.13750431475463687 0.13185605085808033
28 0.7275771147192107 0.4145792995318819 0.10479341693821909 0.08011986403255039
86 0.19245942137209773 0.5626122923813239 0.273548903849216 0.841196776011933
52 0.6833767516622322 0.8912384043773534 0.32331585582319267 0.20015740856160447
32 0.19832404617776786 0.25372384618511834 0.030184808721739065 0.0402641063642572
84 0.7477835426037869 0.3396238789217324 0.12746706261688556 0.1142636417410659
84 0.32354862481950936 0.5508190263199175 0.13184112986403917 0.09954177857528235
84 0.6696499543897122 0.8405649275654041 0.584590677919439 0.31887014486919163
57 0.23904157969266202 0.45833239391577896 0.13523407698395745 0.2606417542209003
57 0.7115820107166302 0.4981420831443389 0.14043175619499426 0.14948308210153127
28 0.15087165918498718 0.5755573433552048 0.12572023746320282 0.4692108240209688
47 0.6199446284440963 0.2349846051444025 0.7328003389035531 0.469969210288805
37 0.8928709163133279 0.5859764438636881 0.21425816737334413 0.1697492941001567
37 0.4166973228806916 0.5409065344853112 0.19344992464535804 0.11576473801739007
74 0.26678538883219705 0.1561166522692425 0.12056806605603282 0.17206487760853512
74 0.7934995754227885 0.11710738887124833 0.11717045206237131 0.11996066759725277
37 0.01375329529709432 0.45082051217132413 0.02750659059418864 0.10240693912244336
84 0.3229381575384316 0.6883929248842933 0.08446408930070809 0.06829402823818853
67 0.4369447064507393 0.6875087599414279 0.17037178759163718 0.2677938995094611
67 0.46935698964241074 0.4219018409302257 0.1369909342996417 0.12398308968808658
67 0.8329846118366254 0.7226313340421394 0.24271520186826745 0.21837804112795012
67 0.36084259670429275 0.6259591045331973 0.1935846885129689 0.16023985686512043
39 0.08370893096086021 0.37821718239906427 0.04575556422921884 0.12908230344118776
67 0.6127188023681971 0.7288812346642998 0.2427152018682675 0.21837804112795012
58 0.5 0.5 1.0 1.0