67 0.6764308242860873 0.7080800050889773 0.6471383514278255 0.41036474582554217
67 0.3865062990162353 0.57540527756319 0.2931483126101565 0.15842290942489745
67 0.7435389254203998 0.456591066737489 0.2610861347713389 0.14920661522694945
67 0.6759427937916139 0.31081782870678365 0.12047142348661999 0.11620254692031495
44 0.5425853876959086 0.46452136382860904 0.21503122259492924 0.22008879013414606
76 0.6709938024261713 0.5668839420309353 0.1465036950871983 0.17673039984276212
50 0.5573552693344246 0.4757424132897715 0.3003109158697971 0.37157964960377127
74 0.384362097764982 0.18371157069589708 0.7642991502326586 0.36742314139179416
54 0.3320336167690179 0.3321543466470884 0.20753277027573813 0.1252537942946652
54 0.3125018517211819 0.43666063102850156 0.30516036449513917 0.14691181143983545
54 0.7027214782057258 0.34600336508351326 0.29740573118489655 0.1449636126063109
71 0.3973016546644665 0.7315370916428577 0.22097580364477454 0.19317183323986242
71 0.8621479008233393 0.5769621485564296 0.2514254503584622 0.2080022990738002