80 0.38828732726263393 0.43842777948875894 0.5165840205739798 0.21328919002155866
80 0.7456193921947935 0.45422697874961504 0.18797660154625206 0.18959039113027415
39 0.4755088701531067 0.6326262704034493 0.17612222126856075 0.12507699414844475
86 0.3730531548959151 0.18959039113027412 0.3336161306721773 0.2870187865722205
86 0.737151977710728 0.1751077918078226 0.3200682674976726 0.2922851863258392
24 0.8082436568017533 0.20604789036033264 0.04572403821395332 0.04871419772097324
28 0.39168146676085913 0.844598860486603 0.5029644203534858 0.29623498614105337
28 0.8311402784838537 0.6310016938712657 0.3251487161881119 0.7379966122574687
39 0.9293568007249067 0.48319217739451814 0.11177746687688539 0.16062519248537122
32 0.9429101496735177 0.4147289805974747 0.10160897380878497 0.16062519248537122
33 0.26723326090676475 0.5700877733292269 0.07451324745977558 0.03686479827533107
33 0.5569631543190279 0.5674545734524177 0.07451324745977572 0.03686479827533107
33 0.4976617141469275 0.5621881736987988 0.07451324745977561 0.03686479827533107
33 0.42480565907834655 0.5635047736372034 0.07451324745977567 0.03686479827533107
33 0.3451722965615257 0.5740375731444409 0.07451324745977567 0.03686479827533107
33 0.648456804870269 0.5516553741915613 0.07451324745977561 0.03686479827533107
58 0.12767804678370298 0.15865029257776408 0.25535609356740596 0.301501385894672
58 0.9204303568593224 0.10137819525716044 0.15913928628135432 0.20275639051432087