22 0.47671426009963913 0.6288756294487842 0.9534285201992783 0.7422487411024317
22 0.6706756878459856 0.45836178608665884 0.6586486243080288 0.7553063841969984
39 0.5487243414072884 0.5031929702061 0.1887201992320925 0.13785099608436313
39 0.3797648962763236 0.6087691710911842 0.18108902859352882 0.1269133110646551
86 0.16486603357144866 0.3606903068109454 0.3297320671428973 0.3929755493248031
86 0.42635279120103475 0.15089642678082243 0.42301510715066676 0.30179285356164487
14 0.32449596457838153 0.7957634086346062 0.4129504745058533 0.33909224351258704
39 0.703844298426857 0.4332380433487719 0.1621555950680056 0.11487059327922938
31 0.42855641578675713 0.9008964718076378 0.36490214619679107 0.19820705638472447
74 0.02500583693268585 0.36419498923586924 0.0500116738653717 0.272514823827003
74 0.19956170035072515 0.1739951753427863 0.3905431340466821 0.28441137645240644
74 0.49344578289417723 0.08742013479705127 0.37674241342355874 0.17484026959410254
17 0.0930001736591573 0.3714233693523978 0.14082723571127786 0.1020393266983527