33 0.42627383030757265 0.2808189032552467 0.10031266530890692 0.12636648036880527
76 0.6167728590377617 0.04880877198359007 0.21487225218600803 0.09761754396718014
81 0.24285269068007523 0.3333778767333322 0.31076283772643837 0.6667557534666644
76 0.3674042452564009 0.9958767516601676 0.07254709791869535 0.008246496679664594
76 0.36592088099178965 0.927074899031568 0.14442278420437638 0.14585020193686393
76 0.3793707337108857 0.88114408004401 0.08393914366227034 0.07095693139425252
71 0.1884805052152423 0.8905585756140723 0.13632355384907036 0.2188828487718555
20 0.6473164363722899 0.5033286956337819 0.22626031657013312 0.3962884498170457
28 0.5098242860946391 0.7162734875578404 0.25328929580190274 0.2625782365101208
28 0.6030748108629774 0.1767557814006326 0.2762819426432738 0.23584283044338444
80 0.324464957760412 0.6604671346821764 0.14380729701616468 0.22480809989473638
86 0.45854949151038993 0.6974894689454626 0.6188903536689283 0.3714481153789553
86 0.5673636209671822 0.19576141377375675 0.633694379654572 0.3915228275475135
50 0.2979696711578129 0.9293656637835219 0.1496030984253942 0.14126867243295604
76 0.38838179695224984 0.1761673083983487 0.1777411125440997 0.3523346167966974
3 0.5329877442545237 0.5 0.7892538923070813 1.0