53 0.5211429043142299 0.04100909228799912 0.15865150941876843 0.08201818457599824
43 0.8958828235792519 0.7069934370708241 0.20823435284149627 0.3025837358297536
49 0.38999159522511384 0.45901421446184376 0.7578063285894872 0.5314143566903364
76 0.8005113867638729 0.8031817384363877 0.38101375310824037 0.258424428404442
39 0.7745202289737119 0.6878683534323189 0.17689633979147468 0.16240139144434074
86 0.6535889668999081 0.7165162844010151 0.6928220662001838 0.5578566180101409
54 0.22585913799951635 0.6558532287350947 0.329562416648971 0.19298936527013455
54 0.8903883023981878 0.40251049221076596 0.21922339520362433 0.16192941086279672
74 0.29581534933521086 0.22172200501532457 0.5916306986704217 0.44344401003064915
3 0.3074499747780241 0.7863231673592408 0.36715187347386313 0.25605784825254796
71 0.5357801372335398 0.6105204780613096 0.12111341852415969 0.059504529497103054
71 0.9752628135927468 0.44800496170576487 0.049474372814506395 0.03778875447036456
28 0.937942503157504 0.5236651164563366 0.1241149936849919 0.13470298309283535