55 0.4802786406416032 0.2939504943088 0.20340900517237803 0.07657411940185865
39 0.6742706237253575 0.6893631625845177 0.34188415247603954 0.42517226003381287
15 0.6891961396154412 0.5057311514732405 0.11623577909902205 0.08608010699501123
4 0.4647873421217005 0.3401133030327984 0.1865752136175669 0.0985938480923832
44 0.1857722010117549 0.653963295865974 0.3715444020235098 0.6687570672235452
50 0.5 0.5173845725313253 1.0 0.9652308549373495
17 0.46173450464332866 0.37988124231839987 0.2469474712766273 0.07935997105412274
78 0.4879417266493582 0.6673680923031136 0.9758834532987164 0.6652638153937729
83 0.8023735013845021 0.2239007630845675 0.39525299723099583 0.41608776675389364
83 0.20586273696103233 0.18385629681074772 0.3756204834754668 0.36771259362149544
10 0.44980502325291727 0.43759634727744257 0.1403849679735525 0.07115238933568552