76 0.13651144160488204 0.8055486575976014 0.2730228832097641 0.26283574529121967
39 0.10371265512805294 0.7975116222641654 0.2074253102561059 0.10081870100015244
7 0.9539130657407677 0.6683344160460074 0.09217386851846454 0.18087910203049917
57 0.24701046088670922 0.3730188567687742 0.49402092177341844 0.43390472150612497
40 0.8429441067181003 0.6935755821778764 0.31411178656379946 0.20499678171914126
4 0.6615984262464327 0.6911720674859566 0.14684188215181238 0.07329489424542746
62 0.37107497340768164 0.73812460703733 0.7045861539276933 0.39278045490982383
4 0.607431091856142 0.30520566251597847 0.10526403771128878 0.0869039119720314
86 0.8289636434945297 0.39887804468193533 0.34207271301094067 0.2607314827531649
86 0.387696230459999 0.2747029570061388 0.775392460919998 0.3204071535114618
50 0.4683059474881285 0.35613357516352473 0.936611894976257 0.3164916856104832
50 0.4900678682884306 0.7462402517702265 0.9801357365768611 0.3694976341946653
81 0.8836680327202712 0.5650065029412921 0.23266393455945766 0.1637015292540736
37 0.6645730294258925 0.5283872590130143 0.19855662669387808 0.28548781331410333
37 0.6375484968127212 0.8127941338134688 0.31812809022647215 0.09874520396567388
58 0.628721768061093 0.4529535952260912 0.7425564638778138 0.8265565213608487