7 0.4590008574886617 0.6815979081527987 0.8058186540033456 0.53923911020946
7 0.8027365228484582 0.25446801920185247 0.2654078324129777 0.23502025461339704
7 0.11783157804169297 0.24099755454279895 0.23566315608338595 0.2487545416631895
28 0.7086030439265509 0.377819907622968 0.29051130291218685 0.18563309316929383
28 0.1977886191488278 0.5490196273750083 0.286600804899613 0.2259083854902434
80 0.33313009545704025 0.4446653889456724 0.29667039191750477 0.19220918870363707
80 0.5791952538159723 0.2396902497605064 0.4194511938974672 0.2734800427980788
50 0.605886533743955 0.4394547695784571 0.7882269325120901 0.8789095391569142
86 0.3493238152543926 0.5161077064314501 0.6683396437324447 0.45468938868561326
71 0.0244694475767607 0.3693603427857599 0.0489388951535214 0.24716278011012677
3 0.36757934811119763 0.254272242145556 0.7351586962223953 0.508544484291112
74 0.28058846762363276 0.16179009544281997 0.5611769352472655 0.32358019088563994