39 0.647819929493078 0.4690471383935829 0.08219388423379403 0.11363721854460612
39 0.5618522794281245 0.39079906152214666 0.07630254461292352 0.10529238302768251
15 0.21371524120174012 0.37425954071682255 0.15011764420823281 0.20031716384551806
39 0.04676007170443974 0.5163190631947432 0.09352014340887949 0.2249196650964721
39 0.22390687236514878 0.6475615970577654 0.159254403245496 0.21259785875131976
7 0.5963269307984441 0.6982130466902648 0.6518535111439523 0.6035739066194703
71 0.8223037483973417 0.4994637451595302 0.3553925032053167 0.5730479848145251
71 0.4283417281210503 0.09566658382536461 0.3768423808412882 0.19133316765072922
40 0.36343279460885636 0.23356563020705146 0.331769525233812 0.46667288138585805
40 0.7159755094368341 0.2042980564142158 0.1460795840372553 0.1852568538884956
50 0.6230346489268552 0.3699177214766244 0.3768410678408879 0.587767191535139
50 0.2911067738836872 0.39700902104440755 0.5822135477673744 0.7940180420888151
7 0.5595006940111644 0.19260294188753413 0.26137790710660236 0.3507272986335255
76 0.4183319140501355 0.6883704467783369 0.8291950205021574 0.623259106443326
76 0.41604517896105675 0.27051337775254564 0.5536826742669876 0.5406288758811982