39 0.8686565246164313 0.43681918899354977 0.1642216325023922 0.17063202847934794
40 0.18304527854395838 0.8712278534805413 0.36253627983463604 0.2455634729450401
33 0.7392896686823951 0.958742495434359 0.1599424763976336 0.07575894378091652
33 0.846800466980602 0.9646203445208092 0.13327321977095619 0.06661562297977175
64 0.27541368921448617 0.5482938246798852 0.41914093710121053 0.2738423847860333
20 0.6708698315567406 0.16523286876355098 0.17949100129067763 0.10580128355610775
41 0.46027890429985663 0.12016935910076433 0.14217109013122986 0.09927034012671834
81 0.35898200258135526 0.07706513246679453 0.10662831759842234 0.15413026493358906
83 0.13049392957938769 0.1566759651342071 0.2538793046522139 0.3055147981531469
85 0.8601350952939406 0.09927034012671834 0.2701250712493366 0.19331592550992516
86 0.6422109429659203 0.532271889495233 0.6562134943594462 0.6099901163049664
29 0.7927712546398984 0.37700383847466523 0.11952692590045921 0.09048092123391971
31 0.22925902417848387 0.3861830623679616 0.4121310084453679 0.15080153538986596
21 0.5165028379929004 0.10752805132146982 0.5120316584829483 0.2150561026429396
37 0.637657006003445 0.08130169734062354 0.17660481088006252 0.05245270796169256
22 0.7846294025348022 0.5396072331559123 0.4137706223858628 0.27931066989601316