32 0.9213187422132105 0.42380353492472456 0.08618869272982854 0.060165542984339015
32 0.549928353751555 0.8913596024465182 0.1282942452905897 0.08195918132295177
32 0.325856244323004 0.432730442226842 0.07586006335046885 0.0563749600303971
81 0.6754661141296303 0.06470784650147204 0.13760041157493974 0.0953933003331221
81 0.5482420354283151 0.6696971284431862 0.9035159291433699 0.6606057431136276
81 0.7816901028216745 0.05575063723138607 0.24766253109730663 0.11150127446277214
81 0.8020840558460602 0.11141199121156214 0.13760041157493985 0.0953933003331221
28 0.5 0.4943924286823096 1.0 0.7983783930479731
86 0.5 0.597218642422789 1.0 0.8055627151544221
37 0.3973714034350023 0.23299094031080947 0.6591233406794499 0.41908432611293267
67 0.5522680370386309 0.08040614937998711 0.09506072182515979 0.06544337277543649
47 0.4881362623587177 0.2751152436717561 0.9762725247174354 0.5502304873435122
47 0.8148271646099285 0.2700310515701068 0.3703456707801428 0.5400621031402136
29 0.8028723943373854 0.4192822836031006 0.2135261897332995 0.14750107594568834