7 0.5578275634885905 0.41829340643768376 0.7792986371255176 0.7714081711726579
71 0.2656959627472998 0.74715578882683 0.47158317780719655 0.50568842234634
74 0.21315870693296216 0.2481792719038339 0.4263174138659243 0.4483764592220119
71 0.9246528041922443 0.7592983874335417 0.15069439161551146 0.20321795508963092
7 0.6424683970436564 0.75726912901437 0.5763431296977012 0.27690464540228066
50 0.6376911907363771 0.6279125028719845 0.08374012479735893 0.07252006109682008
50 0.32883844768719994 0.5103812511062306 0.08374012479735887 0.07252006109682002
50 0.6148022604393308 0.7685709561494066 0.08374012479735882 0.07252006109681997
50 0.5523473919756035 0.7049619608803601 0.08374012479735893 0.07252006109681997
50 0.6052777867463897 0.6834970057581071 0.08374012479735893 0.07252006109682008
50 0.6846385135990933 0.6939095796280198 0.08374012479735893 0.07252006109681997
50 0.7492082838965065 0.6600010617522025 0.08374012479735904 0.07252006109681997
50 0.4507664780098644 0.6100991156318298 0.08374012479735893 0.07252006109682008
50 0.3540577740567633 0.6010266452206958 0.08374012479735887 0.07252006109681997
50 0.40438107637398113 0.5679806145062591 0.08374012479735887 0.07252006109682008
50 0.379004856138779 0.6690802498816062 0.08374012479735893 0.07252006109682008
71 0.7422261776443747 0.8755946005169264 0.5155476447112506 0.2239597027619028
74 0.6365053422260404 0.12671082142757756 0.5812810320781823 0.2534216428551551