22 0.6517774510061536 0.6566954435593277 0.6964450979876929 0.6866091128813446
51 0.3020898224939812 0.8959872359792992 0.19949262738564588 0.17890053799225902
51 0.20274928055755828 0.9437034884187251 0.20495459255055776 0.11259302316254982
86 0.17865692512966955 0.556212732282231 0.34971111842173536 0.46826794082221324
32 0.7633654550400086 0.20951833479383805 0.09543460593910336 0.0917983526562603
32 0.5227916390521741 0.09834632726901874 0.18662155289155047 0.055565505163921836
32 0.45769479001784896 0.24776104313414074 0.13678965546020905 0.1151493664256314
86 0.6241098805675753 0.5168708522830491 0.7517802388648493 0.9631118789756403
29 0.6270054857629949 0.24057259029701042 0.20193755807337754 0.16268669480758474
80 0.16516926177530267 0.492124732623397 0.20475720008437637 0.09348203544498135
83 0.4810132454581162 0.1533796303719555 0.9620264909162324 0.306759260743911