15 0.6268057366362452 0.5097783572359843 0.07269882659713167 0.11734028683181225
39 0.6986148481341167 0.5488917861799218 0.15958279009126453 0.06518904823989569
51 0.7961409065955481 0.8696219035202087 0.14185136897001294 0.06258148631030003
51 0.7154628422425031 0.8383311603650587 0.17908735332464165 0.07301173402868322
51 0.8378096479791395 0.8213820078226857 0.12234680573663625 0.07040417209908734
32 0.9282386184299736 0.8826597131681873 0.10107106541813293 0.13037809647979126
67 0.37413298565840936 0.41525423728813565 0.5957757496740548 0.12125162972620596
57 0.6805610274690941 0.6746667974671041 0.6382945176181847 0.6501083022436851
80 0.7748789705917094 0.49413298565840946 0.20568477976056887 0.059973924380704036
32 0.7429378988616498 0.7509778357235989 0.12766682158111142 0.08604954367666173
32 0.3475052978067048 0.6851368970013044 0.10284145649246007 0.07431551499348088
58 0.49330186082875394 0.4984069639651324 0.9653260163120059 0.9811685563526897
86 0.8829319371727748 0.19829842931937172 0.2029319371727749 0.38612565445026176
86 0.747630511420696 0.38939790575916233 0.2670157068062827 0.2709424083769634
80 0.86847692210906 0.20876963350785338 0.24167539267015703 0.16099476439790572
37 0.21980847063099845 0.7015706806282722 0.10859827064358074 0.13874345549738243