40 0.2074992056003571 0.17915451221448273 0.27518016107114324 0.1968958593970213
40 0.006495127409402501 0.38533666201962047 0.012990254818805003 0.15626956907160688
40 0.2276396534989725 0.3997740258615498 0.1920904854842635 0.127048902454156
76 0.5366298000030717 0.7269735181968915 0.5334218995157414 0.3984589936275086
7 0.554200087573226 0.5310769107018616 0.8915998248535479 0.854206414479345
0 0.2530549641740293 0.43331537286736527 0.30234076436838553 0.1991871853256858
12 0.005492014893111408 0.1085774955937033 0.010984029786222815 0.040374896180014275
44 0.5870937547939906 0.3436332069670087 0.7202475030840512 0.4919290953341031
50 0.5 0.3050356357263731 1.0 0.5627642467629898
86 0.07943481047855352 0.4055701958325105 0.15886962095710705 0.24117237045468398
22 0.217425312209026 0.5110217816032261 0.43126035745410574 0.22987941991814254
71 0.08914142786286913 0.5526865962485736 0.17828285572573827 0.1946287934096652
71 0.21679623301893347 0.6152053608798971 0.1833845410939503 0.1152913106833835
71 0.1097889280969877 0.2865589299124938 0.2195778561939754 0.16400003568142674
71 0.8071337699684726 0.9297121652185005 0.35133791493529054 0.14057566956299894
71 0.2793044819440277 0.08777491783867686 0.3513379149352909 0.16562268916929512
58 0.0675286009820533 0.1351530153688364 0.1350572019641066 0.2703060307376728