81 0.599887770399637 0.26857887874837005 0.2563360817185285 0.511082138200782
81 0.7735005976506676 0.11408083441981745 0.1314406779661017 0.1316818774445893
67 0.16345827900912646 0.6192959582790091 0.3269165580182529 0.258148631029987
67 0.15250548817669876 0.8924380704041723 0.2881596073833845 0.10299869621903512
67 0.23760430247718378 0.9680573663624508 0.31343546284224244 0.05345501955671417
57 0.6841817531307101 0.7790091264667538 0.583039396420028 0.27509778357236003
57 0.24355439444971527 0.5462842242503245 0.3891695855182167 0.5189048239895682
58 0.5038767883533593 0.3255245841211765 0.9740508387666924 0.6327962347351822
11 0.2056082653650667 0.5097783572359843 0.38762461417211513 0.6205997392438067
11 0.6833511646438248 0.7516297262059974 0.5914507049510962 0.3533246414602347
37 0.8585772490221644 0.5677966101694915 0.23086375488917854 0.34550195567144715
84 0.8458122184839137 0.325026715426317 0.27685787191528877 0.12913143933423216