40 0.7176755610819797 0.303336594916306 0.16516050099303103 0.13718145647587876
40 0.7597191179439029 0.4721133784436632 0.21502591592520615 0.13211532450723712
40 0.847232111246975 0.6218062946694238 0.22833376065299194 0.15979370320128616
65 0.9684747637923715 0.30322546897403835 0.06305047241525696 0.054179707159393464
65 0.9760867409587553 0.4547808672457344 0.04782651808248961 0.05042795903220415
65 0.9760867409587553 0.4547808672457344 0.04782651808248961 0.05042795903220415
65 0.9812086324839078 0.47134977739264183 0.037582735032184456 0.04738378009309363
65 0.9903569188311364 0.4868196258352453 0.019286162337727175 0.03630815225433076
65 0.9867017940313414 0.5050786208297834 0.02659641193731721 0.05042795903220415
28 0.9647975618817421 0.6436467474699261 0.0704048762365157 0.2239950321965951
62 0.37138073885568085 0.7908764949166653 0.7427614777113617 0.36104685374157375
65 0.2566656942968048 0.5691316879869917 0.09201424808556735 0.0601400247538072
14 0.2579951411311898 0.31584952990935494 0.5159902822623796 0.32576162618378113
55 0.5643386054454964 0.3481486992301092 0.06361155388644979 0.03905136962111044
62 0.5550003576998079 0.522001938362604 0.2731087107267627 0.25432267352623716
62 0.34634493228480634 0.35505865193574965 0.4880700742212512 0.30928141784056884
79 0.15146848431651905 0.5860764097019653 0.3029369686330381 0.4118845171597746
62 0.8421541254713035 0.3077403119349129 0.289452508652533 0.18523882475366887
50 0.4506594579518317 0.3324408327875543 0.7648933540959701 0.3375434256367051
50 0.749285822256943 0.31946888669803 0.5014283554861141 0.2871617451831354
50 0.5972653234124494 0.5137710394995537 0.695251079317355 0.2880544286857522
50 0.5952529600226006 0.7033285883489875 0.8094940799547986 0.33586141124083724
83 0.7430215313243125 0.1486847650359788 0.513956937351375 0.2610836191797821
68 0.5 0.49581761675847075 1.0 0.9443011632913759