30 0.1350620416401276 0.8507170795306387 0.21790123783653698 0.07170795306388555
30 0.19636205235189938 0.9159061277705343 0.34571828144831634 0.07431551499348188
30 0.5856419040291151 0.7789041153265478 0.21908925750892494 0.29919029165508904
30 0.38352272335486204 0.9452411994784866 0.25833315979536486 0.08083441981747141
30 0.5543802000195881 0.9576271186440651 0.2322480488541856 0.07431551499348177
30 0.5493594467898452 0.5751549479052633 0.20495339827468917 0.1469217028555857
30 0.5650041364945753 0.6937892482411246 0.26426870192182594 0.19909247636899963
30 0.42197885145302205 0.745053520332958 0.2058028791482111 0.1915266393798294
39 0.6987806890289368 0.27183833116036493 0.2152804887048928 0.11603650586701439
39 0.4045089091699262 0.5319426336375489 0.20355932203389826 0.1590612777053455
50 0.5095461495451413 0.5254237288135585 0.5493865220161906 0.7979139504563224
71 0.22639450239026515 0.5736636245110821 0.2153031290743156 0.21903520208604949
71 0.8951470246939703 0.6525423728813559 0.16963276836158203 0.28031290743155135
74 0.37580182529335077 0.06258148631029986 0.5663124728378967 0.1016949152542373
74 0.8423041763252266 0.17861799217731422 0.07698717948717959 0.30247718383311606
74 0.18790091264667538 0.29139504563233376 0.1618035636679705 0.3116036505867015
40 0.2880093366173787 0.19165580182529326 0.12396546715822995 0.1434159061277706
2 0.6688609380489475 0.4770942408376964 0.39944866355331143 0.33900523560209395