81 0.14356118106746588 0.7305547815303541 0.1476908016923238 0.12395723128480807
74 0.14341772591040397 0.4069716384703767 0.28683545182080794 0.4564183606156943
74 0.5984650235938443 0.19356170701415704 0.6128914646057682 0.3871234140283141
22 0.5582405418913096 0.6398710383039622 0.8835189162173809 0.7202579233920756
86 0.496530585977619 0.41751059389238177 0.993061171955238 0.7623390325908057
46 0.9185088477696192 0.4829374630302623 0.16298230446076167 0.35753401092580356
46 0.409246450263416 0.8763315311074799 0.4292130747910578 0.2473369377850403
18 0.4659104037718874 0.9935832637278736 0.06720255351182619 0.012833472544252711
18 0.4437433352642626 0.9719766732641366 0.05758732812427153 0.04245206648494937
81 0.15094649584573394 0.705261975313294 0.12003944884283546 0.09877223437137639
81 0.2359781510288587 0.6902643633101788 0.141007184705274 0.10100771907902051
29 0.5242146322678107 0.29445442259997345 0.2637944944417602 0.20017890553405643