81 0.3230930590516513 0.14008156282801498 0.3817734164115341 0.28016312565602997
86 0.2873373888529136 0.5037232261480892 0.3144509621628136 0.273526602495267
86 0.12438695159696342 0.444227600554468 0.24877390319392684 0.3102577658092608
86 0.8715372119974849 0.6439175914979862 0.22553727770237808 0.23517990584633675
80 0.6310065121298697 0.5941611756103029 0.3187848961461463 0.21520920645454555
28 0.394078825639016 0.8404155424818734 0.4891497633442192 0.3191689150362531
84 0.13074166845064836 0.7482702968551023 0.2614833369012967 0.3272763672813931
32 0.7948022070298517 0.3774567229237742 0.07871069527915109 0.05763553422855766
24 0.7826008338610824 0.4255614715073119 0.09246398053618787 0.0659982317702813
39 0.5434226927251276 0.41922085218686533 0.2475703506451029 0.17957413745596856
39 0.4264359992585158 0.5810833018289354 0.2707168164661585 0.18684390460193567
86 0.593344808453686 0.6149135423042759 0.792647746473478 0.7701729153914483
33 0.4797745968388163 0.5279497400691766 0.27657587540244144 0.2122373917666719
37 0.7622653253807389 0.7947322359614177 0.2169295532224964 0.15501234917125117
37 0.21147406031172314 0.6234499743217022 0.2578126554308689 0.11904739976464529
12 0.37148939126709446 0.3144674851084537 0.4538547081593793 0.25345273128747525
81 0.699710004140532 0.19097669569527043 0.6005799917189361 0.38195339139054085
81 0.8923500139599918 0.45100956861264835 0.2152999720800165 0.29905478301781174