51 0.3964202598795303 0.508281824600311 0.05443973606335617 0.06589219478458735
32 0.841836282216081 0.6660025036059722 0.1910339829132317 0.19347069958027785
32 0.7928405197590604 0.7991888547663086 0.16430902157303862 0.21309816185653763
58 0.500350665091392 0.10171296316349529 0.9888235695871428 0.20328443071840785
67 0.45185015349438207 0.23419833352825067 0.1751968923038154 0.08972554183433185
67 0.6374398186327528 0.288173854787966 0.11283872565859288 0.10795104251943036
67 0.7809627591634192 0.3204189713846789 0.1326349933179951 0.16963735253053347
50 0.9175570060132947 0.2713503156940287 0.03959253531880458 0.11636281206639887
50 0.9536855769011765 0.24331108387080014 0.026724961340192865 0.11916673524872193
50 0.87697465731152 0.27345325808077087 0.03959253531880447 0.13178438956917474
57 0.622097711196716 0.46061513050082226 0.12174704610532383 0.17244127571285633
86 0.1692580884878893 0.629551502235775 0.2177589442534249 0.5635885596468964
86 0.4261146613686335 0.6400662141694857 0.21676913087045463 0.6042454457905776
86 0.7057369420576904 0.36808566548416766 0.06928693680790787 0.31263743482899975
86 0.6151690175159252 0.44238962981572366 0.1158081658075033 0.24534327845325088
67 0.5369736072974971 0.29237973956145025 0.11184891227562271 0.06869611796691022
47 0.5 0.5460371174508083 1.0 0.9073506433801715