20 0.7263832140373824 0.24321280129561546 0.16022954377791243 0.1720040175468428
39 0.4591737443256505 0.5310573102853176 0.10301682500409753 0.15612510963718557
32 0.3549286448491448 0.7447037606268665 0.05870500421916314 0.07672189451898548
32 0.47167409377354613 0.2734507151072239 0.0641921684926755 0.08192021502554814
81 0.4504540680432858 0.14725145050448957 0.3284618244894635 0.29450290100897913
81 0.2141735436197272 0.6028567456349623 0.14382480863189778 0.1179909909361937
81 0.23577384354085296 0.5626256088272599 0.13456753018752377 0.11760398263172767
34 0.4654546078187315 0.7498419668190552 0.5963991010282979 0.5003160663618894
34 0.5295143486393259 0.3898891362812207 0.5712616822978522 0.4962760337133078
34 0.33504052024050135 0.43796788356603134 0.20930200927150389 0.24184586703822014
54 0.11097170093989772 0.7634965413679243 0.21877656140265933 0.380978750781934
37 0.7645865640436578 0.16888327790943347 0.47082687191268446 0.33776655581886694
74 0.20567640438880597 0.3009834109649109 0.32108229094526775 0.6019668219298218
73 0.7052507451015466 0.6455441280736989 0.11237886311807399 0.11454682747648792
73 0.750104357421471 0.5160783328970278 0.09105247998216826 0.15047986931753865
73 0.6688109352045453 0.9443431489335982 0.09929471282831592 0.11131370213280367
73 0.6719770072288986 0.7952885358626065 0.12285784071905237 0.12731827065718415
37 0.455775821502311 0.9096044144919121 0.5081435062488557 0.1807911710161758
12 0.1846815119121541 0.8859554958320595 0.16497700844645213 0.22808900833588097