40 0.3072897828786953 0.2949166291916668 0.26632451013214775 0.21539543880189538
22 0.6304924067245807 0.6187272077835325 0.7390151865508384 0.6393890701642464
75 0.8814016271519013 0.5446358645306999 0.23719674569619742 0.4263086274765451
62 0.41951600960370206 0.5768441938226632 0.4825322171926776 0.40601568111447095
83 0.30060535674438105 0.6298743354598647 0.6012107134887621 0.7339549795600859
83 0.5978827048942358 0.24681479248616975 0.7376914490084832 0.4936295849723395
62 0.6160039755698374 0.42897481863637954 0.3195230339537911 0.26995142590382887
83 0.17551643198037137 0.20839487728726885 0.35103286396074274 0.3352010930041499
86 0.6112193101783303 0.593962201679664 0.7775613796433394 0.6603480719901522
50 0.4707006727065677 0.48966628483897223 0.7829843262590821 0.6492601568919976
31 0.5708662375390915 0.8983818296015578 0.41478458291614184 0.20323634079688446