8 0.8388871393142543 0.35488509949593927 0.19467845005183115 0.08415962249066472
79 0.8379707975180724 0.5449017471506428 0.3133100020012535 0.49049279982840466
39 0.42209827579419756 0.5810640849396005 0.14689373958456353 0.09204958709916433
39 0.6424334173883485 0.44956467479793694 0.08495059638625357 0.08415962249066461
69 0.34438239798785475 0.276880877847145 0.31816250823812786 0.2976253459922158
69 0.4641377812357995 0.2510894250460632 0.15199907214358066 0.20136196197773518
28 0.317672999674393 0.8355154435637194 0.17875021322940854 0.21171405032807833
22 0.5467560077456004 0.5613391734183508 0.6970786329133642 0.6101572630573189
14 0.13802489841539517 0.38118498152427194 0.16280694000457674 0.28403872590599333
86 0.4044002348803948 0.3141202823520235 0.3911267041950426 0.5128476995524875
2 0.18936903777769035 0.8420904140708025 0.212376490965634 0.21171405032807822
31 0.7061573002434274 0.9347974982206754 0.5557184846934089 0.12886942193883022
83 0.7990754324050762 0.15895097838486072 0.3769587028442851 0.30507863152865944
83 0.10447858700107411 0.11818616124094498 0.20895717400214822 0.23406895005216113
70 0.4687739051253078 0.6047339787650998 0.08142465766022866 0.03944982304249878