20 0.3029398809367997 0.2998079877412012 0.1523948040301149 0.16172954159704195
84 0.17630276131396372 0.4272032814712365 0.35260552262792744 0.4671107311332986
37 0.8293808424742165 0.7596112012841056 0.26041331697632963 0.12011298255846936
76 0.4418069943333948 0.49058788814881354 0.2813555766664809 0.3455448520819998
52 0.2226692015225906 0.7800234536826057 0.4453384030451812 0.3770992679229217
74 0.8831156746478125 0.2710652147181763 0.23376865070437503 0.4847024874602114
81 0.743604181963431 0.4141575482853038 0.3746921514409254 0.35925046084615886
80 0.9657111385102477 0.6064427424349348 0.0685777229795046 0.14309085802484578
28 0.777520342384375 0.6565930000564111 0.30942633370807804 0.176272101940515
86 0.699762055938826 0.6436891602399916 0.6004758881223481 0.331251262573111
71 0.5723610362982552 0.20546541255191003 0.2984173470161061 0.20092939606543403
3 0.4876525481045306 0.5298964050630566 0.9753050962090613 0.8808496562413887