14 0.7470964423268862 0.7466484672608238 0.2944577009175665 0.5008124734751305
39 0.6377194492960403 0.7492636759995973 0.2406140070354973 0.21836992968758961
80 0.5359212155502527 0.43086201205392016 0.49132370667388225 0.232753577750844
28 0.3348486712094003 0.8407959818566708 0.509832476445844 0.3046718180671161
86 0.5258255229473648 0.4929732195997915 0.5855501709675037 0.8512504444707835
28 0.507303235102356 0.6080424041058271 0.1346386447567786 0.15037450247947826
14 0.13022293466781418 0.5786178827465372 0.1727730637902976 0.22513729575637864
32 0.13684513813428167 0.13653892411703591 0.18412525931048107 0.11945924367812562
83 0.23650926932068883 0.15426089982752705 0.44764397905759157 0.29405352290000153
83 0.8778887108456694 0.2514035814998487 0.23300579968032586 0.48571340836160903
83 0.9252105141729408 0.7476189013936009 0.1451224506439649 0.48571340836160903