82 0.6504400260756193 0.318122555410691 0.41944263363754886 0.19556714471968714
82 0.0729465449804433 0.4393741851368971 0.12360386788352892 0.08604954367666234
82 0.873344469795741 0.2631294817470665 0.25331106040851803 0.1898834745762712
82 0.4174163407214255 0.42307692307692313 0.15399826162538027 0.089960886571056
82 0.2522734680573664 0.4217731421121252 0.0709202520643199 0.0743155149934811
12 0.28672044763146465 0.23728813559322037 0.37689048239895706 0.3441981747066494
12 0.051670469361147345 0.19426336375488917 0.09726205997392443 0.37809647979139505
22 0.7720179699323304 0.7366362451108215 0.19047153411560191 0.5006518904823991
44 0.6018088677793335 0.7001303780964798 0.23707579002647727 0.43285528031290754
44 0.37739705562798787 0.5560625814863104 0.08814374185136892 0.1864406779661017
44 0.04204557800956106 0.5547588005215125 0.07193339852238159 0.14732724902216437
12 0.8155828987396785 0.1016949152542373 0.35054867448935234 0.1903520208604954
50 0.3753707627118644 0.5730117340286833 0.10435408518035644 0.3063885267275097
50 0.603328852104406 0.6753585397653193 0.2117472729229236 0.5971316818774448
50 0.05015145537533475 0.5795306388526729 0.09624878520653907 0.2985658409387224
50 0.933614597432524 0.6349413298565842 0.12866929543919392 0.6623207301173406
10 0.6001237605573323 0.5124804992199689 0.07031331253250128 0.045241809672386946
82 0.5346479758453454 0.4203066427741854 0.042360669013305374 0.019280093237628304
45 0.49886156427087514 0.09204368174726989 0.10546996879875198 0.18408736349453977
77 0.20426283485647645 0.7659906396255851 0.2606381133560238 0.43057722308892343
16 0.4309520895572905 0.3120124804992199 0.8449720488819552 0.6240249609984398