39 0.5042430701329965 0.7492664363759577 0.12609743869541534 0.16956744161175608
55 0.4843460036154026 0.2813811831564563 0.057141881065322864 0.07431313929342614
79 0.2868924963174429 0.629630625323574 0.5737849926348858 0.7407387493528522
50 0.33083644099161813 0.3014367037763795 0.5737119044717445 0.602873407552759
86 0.7285334571839825 0.5891399757337182 0.5267210166106722 0.6907537894168805
22 0.6161912076628493 0.751702052459172 0.5186345216107013 0.49659589508165614
66 0.5012188482825969 0.7723326777066605 0.03589658702067983 0.04574552972685075
58 0.5381801331971998 0.15668896997694565 0.5132477340865202 0.3133779399538913
58 0.9506608005855925 0.5626019309087616 0.0986783988288148 0.28601297540820486
40 0.8282542808814319 0.4060959072481893 0.343491438237136 0.4845985626567547
37 0.30505728177670294 0.06911848267925907 0.24051446713148272 0.13823696535851815
37 0.8690557155342958 0.7475629207938755 0.22961967628817503 0.300736418419836
37 0.5945912272073053 0.3501656838331868 0.24250605158326705 0.317784026104356