14 0.7267804758800522 0.8552803129074315 0.15224087353324656 0.2842242503259449
9 0.8567223074947644 0.6714471968709258 0.039757170795306385 0.14863102998696198
79 0.8969557415748102 0.8507170795306385 0.19583330370194862 0.2594524119947831
14 0.8023977331990044 0.5404172099087353 0.06886800007901728 0.12125162972620579
40 0.8562134862312831 0.22620599739243819 0.08919475722018044 0.08474576271186415
40 0.8562134862312831 0.22620599739243819 0.08919475722018044 0.08474576271186415
22 0.5052718561099917 0.7953063885267272 0.2481848879933619 0.3233376792698832
40 0.1470593358618787 0.2601043024771839 0.0378138003239695 0.03520208604954325
40 0.40057103828375074 0.23142112125162978 0.02327202007032475 0.022164276401564348
40 0.881419238670934 0.3787483702737942 0.08919475722018055 0.08474576271186418
40 0.23770309944293028 0.23794002607561943 0.06786681284816845 0.058670143415905845
40 0.44904363912923273 0.34093872229465466 0.0891947572201805 0.08474576271186418
40 0.5202983623720914 0.24380704041721002 0.06883626486507821 0.04954367666232051
40 0.6526285626802578 0.2796610169491527 0.08919475722018055 0.08474576271186418
40 0.9657615641420725 0.44980443285528027 0.06398900478052905 0.09387222946544926
40 0.9662462901505278 0.24771838331160367 0.06301955276362026 0.07561929595827854
22 0.15820803405633924 0.544328552803128 0.1396062620994818 0.3924380704041724
22 0.34870535537908376 0.40026075619295853 0.06495845679743856 0.24771838331160412
86 0.02569670795306389 0.7086049543676662 0.04945404172099088 0.2855280312907431
86 0.49114651238591933 0.6531942633637549 0.1774527379400262 0.32594524119947854
86 0.4795102672750978 0.39765319426336376 0.14254400260756195 0.22685788787483707
86 0.7597498370273794 0.34615384615384615 0.09212027379400256 0.27249022164276404
86 0.6836294002607561 0.40091264667535853 0.054302477183833076 0.11342894393741859
86 0.36072359843546287 0.35528031290743156 0.034908735332464136 0.2542372881355932
86 0.19539194915254243 0.47262059973924386 0.043635919165580184 0.42112125162972625
50 0.9552706757931335 0.5832077086049543 0.06813070404172084 0.34242584745762716
50 0.8790213494132988 0.4823989569752281 0.11151401564537156 0.3207301173402869
42 0.22254318774445903 0.4035202086049544 0.14254400260756198 0.15775749674054756
42 0.33357235984354633 0.31551499348109524 0.09308996088657107 0.1225554106910039
42 0.47514667535853994 0.6792698826597132 0.26375488917861817 0.1720990873533248
81 0.5910242829204695 0.11603650586701435 0.16581649282920463 0.2320730117340287
81 0.7146593872229468 0.1075619295958279 0.07369621903520229 0.2151238591916558
50 0.2424315287819525 0.4928292046936115 0.07370397653194247 0.5840938722294654
45 0.2717781402936379 0.09135399673735728 0.22567292006525294 0.17944535073409462
45 0.7898630868201431 0.08319738988580752 0.143165253491902 0.1533442088091354
45 0.4380026283980553 0.06362153344208812 0.11647579379860362 0.11419249592169661
45 0.09342318368441115 0.16557911908646006 0.0849317729248156 0.09951060358890695
19 0.498786704730832 0.4747145187601959 0.997573409461664 0.538336052202284
42 0.05402379589691811 0.3238172920065252 0.09342621991280897 0.11908646003262663
81 0.11830153313838795 0.060358890701468215 0.22931777424649896 0.10766721044045685