86 0.20834804687756595 0.38893676961887225 0.4166960937551319 0.2977803223331914
86 0.16083661970176805 0.4018255881984045 0.3216732394035361 0.36848872472844185
86 0.22987393643920162 0.7905692338396404 0.45974787287840324 0.410245605489001
81 0.6454056225013669 0.7611761632855188 0.35804690754126467 0.22399825956380348
81 0.5178597217206631 0.5577731250488418 0.21972504012811178 0.15367803825322202
81 0.39645319998821693 0.18896378453778814 0.15346616169694233 0.10760342247557347
81 0.8111388591956149 0.5758770182597439 0.22019440097956777 0.09972835982821593
81 0.37328194516646795 0.3525922328623386 0.17101838964058697 0.13494973875583083
12 0.80384217048944 0.6779297266659465 0.15393258296738943 0.12478535529493184
58 0.5879987605744655 0.21570158868316303 0.5649801863552313 0.36677531788126094
50 0.5193342989964794 0.4072522672543314 0.9613314020070411 0.5900687692734128
57 0.7936471171326638 0.33788656644962534 0.36564416648080555 0.22447676208746065
74 0.9578792370569141 0.54820061033682 0.08424152588617173 0.27062971632588434
50 0.47886882985346035 0.6580787287876546 0.1613721075457764 0.09196149867360548
37 0.36869319013940727 0.8275289483477913 0.41499533935489485 0.2920629285716678
18 0.5 0.49753939786462087 1.0 0.9950787957292417