62 0.5581787401562456 0.6340296081578434 0.8836425196875088 0.7319407836843133
38 0.34404898875798395 0.21898072081545797 0.48236812000501783 0.3553934443662829
12 0.025158388860951397 0.3846243339983292 0.050316777721902795 0.07249074826590596
12 0.09914346575874614 0.4364713658620039 0.11475897367296367 0.0822119331627632
39 0.869096098025639 0.7404576707441712 0.26180780394872194 0.27817261293361606
50 0.521033565960868 0.3232960361844603 0.9012385424141363 0.6219076624970791
85 0.21367084970319225 0.4331867257930638 0.4273416994063845 0.552127571917793
48 0.7069056793946977 0.5670480133951836 0.5861886412106044 0.6485356072137535
47 0.1261931437334991 0.4826134156106996 0.2523862874669982 0.24970633171969986
74 0.005365729052946355 0.35409833645088595 0.01073145810589271 0.20247010737777077
83 0.2595848291149212 0.0965010412504562 0.3897911042957358 0.1930020825009124
83 0.6644333806354819 0.18656403686473808 0.5587658027235859 0.3673944455664409