32 0.39996701956822306 0.6672406805326581 0.1134534081415054 0.12700530117650288
32 0.399204323371941 0.59012519743816 0.07096980365388128 0.07566458450750024
32 0.33356867840011606 0.6374971336845006 0.04874383158513512 0.05380639445916957
32 0.7426044408762799 0.5696953033306904 0.10329742695781863 0.10886438480985461
32 0.7607713000743308 0.6642974345680841 0.13578804010724432 0.1624621034500846
59 0.593437804825162 0.4974774036134629 0.18979586389748454 0.2137661961258227
39 0.4600524391668746 0.8498227307225733 0.1811685084791005 0.18444494219712326
58 0.5847704689680827 0.14126286430192386 0.5520571883631773 0.2825257286038477
62 0.2162066994511073 0.7355238458873394 0.4140926191221728 0.5289523082253211
86 0.6959605655173471 0.4926274819358428 0.6080788689653059 0.9597537556662308
50 0.31703674916502234 0.6050027029601244 0.5905792969531531 0.7899945940797511
22 0.7620223837571104 0.6043112746593579 0.4759552324857792 0.680322870918485
58 0.7739622064140852 0.1970234504721612 0.3465493474493083 0.35918956011103376
40 0.21718333778863658 0.24705883845188528 0.39909349810590966 0.37720022128698133