33 0.11414793092086431 0.8010199246908354 0.13279629766985096 0.09291980086016993
33 0.2127203054570721 0.8702971196625158 0.10103883730651952 0.07389418404502845
33 0.11261747868562533 0.8545864877078936 0.11341294291244342 0.08054528707809427
33 0.18624554932754636 0.8151843507447011 0.1134129429124428 0.08054528707809427
33 0.15107582243585868 0.8949268836111557 0.10132662288205746 0.06492120863782236
28 0.4404005290346886 0.5813119738163175 0.3087507336980703 0.11546079515659391
28 0.16743372738810433 0.6139357214828501 0.33486745477620866 0.2405523060212082
74 0.6608678491175236 0.16907130143007734 0.6782643017649528 0.2521979950196261
71 0.7462150644181282 0.7116463974454166 0.5075698711637434 0.29010216398032984
71 0.42590747889858926 0.7489791085126909 0.2505156525170815 0.24980412747971437
71 0.23567077534052433 0.3378110222580942 0.21866476434036886 0.3040981018083654
39 0.833575546259572 0.6092390369034242 0.24599448136943058 0.1237773862024738
39 0.6553458678872719 0.28557201572059265 0.2057229822252603 0.08973364189985578
4 0.5635006356830047 0.48534888803829923 0.1564225155078487 0.08544417511899277
57 0.34199447194368193 0.4490086312367506 0.46187159027495733 0.3461534853521983
50 0.3523554446272388 0.5697032284161084 0.7047108892544776 0.46011008958577665
2 0.07487572724312261 0.8396759880418136 0.14975145448624522 0.19000321485549854
3 0.2582662489863587 0.5677334114940793 0.5165324979727174 0.790257865364413
25 0.7861986507873332 0.4292090137613339 0.4276026984253336 0.43979082232539096