32 0.09365166501651784 0.5097952894563064 0.15703208477517133 0.16993176315210218
32 0.7823224946329319 0.6026041754855315 0.10027349991667578 0.10195905789126125
32 0.35663310819421434 0.5862645828747524 0.14946427346070523 0.12940957347737003
32 0.6347501740008432 0.4503191723530706 0.1683838017468705 0.0823515467583264
32 0.340551509150974 0.41829357083594376 0.1248688866886905 0.11764506679760922
32 0.82678338610542 0.4869198598012156 0.12108498103145715 0.12679523865964526
32 0.8721866834277843 0.6555444555444556 0.07567811314466089 0.06927987266970304
32 0.08608385370205175 0.0836587141671887 0.1721677074041035 0.13071674088623236
32 0.7217800041172031 0.6797270526084086 0.12297693386007413 0.0732013748962903
24 0.40676941183199816 0.2751587395655193 0.060542490515728686 0.04575085931018141
24 0.6811030183019479 0.27450515586108803 0.04540686788679649 0.04182935708359431
86 0.504876352754488 0.4907943108448921 0.9554820563656098 0.9580596083302624
62 0.49568348097769815 0.6499753064399441 0.9686778102697277 0.6725102566259725
14 0.21568351510339143 0.2810409929053994 0.30649635823587634 0.23790446841294255
14 0.861937824545141 0.2431331380483922 0.26675597610329416 0.17516043278755133
83 0.8491096281720603 0.07873801591079077 0.2772622524933601 0.1496022302305025
83 0.2657749529987861 0.08005031617597058 0.20125773455547416 0.1496022302305024