70 0.5224861810263741 0.6255195029609719 0.07997092062145128 0.09118674999238341
8 0.9255993386607881 0.8208152659719175 0.14471319347050904 0.3465546629060644
8 0.8571953039900011 0.9164857617162541 0.23195511042203465 0.1498614758512712
50 0.05186865342617308 0.5204232898236107 0.09614506689479031 0.31310344061783424
50 0.17527134237876477 0.5204232898236107 0.13876607593062523 0.31310344061783424
50 0.3526936823186355 0.4903171897642036 0.10308337069132162 0.194017089271735
50 0.26893844363193675 0.1531288690988435 0.11993353705432605 0.13246684026139144
50 0.4904685719926133 0.2728842448907075 0.13678370341733048 0.21676392042773154
50 0.6956441271186091 0.44616157634373976 0.25969079924159855 0.4509224764453428
50 0.4325128166265405 0.440809380777623 0.09019794935490638 0.16725611144115088
50 0.3318787709290417 0.33242742056375724 0.12885421336415198 0.19401708927173497
69 0.1529861092898735 0.5552125610033696 0.14174690173060484 0.09901561797316194
69 0.28386618776853045 0.24268803741042771 0.13003161631719562 0.08580151471505704
69 0.29676264172941424 0.5025241804030227 0.16156681037370285 0.17482345690574785
69 0.4563363036275641 0.27433383399472877 0.13054171293414119 0.15221756823801483
69 0.042021125449150744 0.5398249987507837 0.08031985710449045 0.08964927573245751
39 0.6328217821915272 0.5592267076779578 0.08028608678843308 0.12042440023762857
39 0.4419004454168946 0.8141250215142716 0.11101286074450012 0.08429708016633986
79 0.6123844815602341 0.9024362483551991 0.5570466762357953 0.18331269813950135
28 0.5454905235177739 0.7793357503345122 0.1238982820809153 0.1806366003564429
57 0.6282135386017305 0.7458845280462822 0.5510995586959114 0.19936928483785177
4 0.6252386974147228 0.38327327844186726 0.03964488543176192 0.05753610233575557
4 0.32937810785026433 0.38337885717888 0.0567259696712224 0.07070543377702204
4 0.49941233180961764 0.3163708338654069 0.03964488543176198 0.05753610233575551
4 0.4501657749721638 0.49861050728996203 0.0567259696712224 0.0707054337770221
14 0.2787448938547207 0.19900821700114865 0.05306573733419512 0.04765910375480581
14 0.1474620039688877 0.8605505777805101 0.1938894391505478 0.2666789616856471