63 0.5172152209564401 0.22499253994520255 0.16974050005700397 0.18210671947481222
63 0.6891043349382164 0.13010878116268343 0.2341989178001701 0.26021756232536686
63 0.8459410934849572 0.16584108726907743 0.1031334683890659 0.1914114423676858
85 0.07513790593455937 0.29544258470553125 0.1342883702982627 0.5037842823427284
86 0.30073949709239534 0.5692672869815261 0.23743217408301157 0.623416433822532
79 0.8889208364328387 0.7566909909665518 0.20196970892858712 0.4825163443018744
64 0.8185583239057417 0.3725388601036269 0.20519262981574526 0.13957084339310416
5 0.6378679208211651 0.4720945401511331 0.5460237364981457 0.372713696630092
32 0.9200547804563455 0.4396657895450722 0.152600394693996 0.18343596560236564
57 0.34517045913283834 0.5787856375496041 0.15205884936207326 0.5946002743667672
68 0.5008375209380234 0.49967027790861984 0.9830973047053447 0.9978332548280735
31 0.27364093193238914 0.9285057987567908 0.494594183036394 0.12210032884819233