32 0.14912013262704585 0.3000080451768524 0.08997266444305846 0.10829035061466735
32 0.5950901575217571 0.40520446611753225 0.0916254717860514 0.09017956255311593
32 0.5249520920434698 0.4120744513729503 0.054536487936254985 0.05257001385641297
32 0.6586896480194174 0.4762017022576067 0.05701890076084859 0.057854452256712874
32 0.6132728578321739 0.48192110668474275 0.05701890076084881 0.05785445225671282
32 0.6546108369426 0.4175138570726581 0.0570189007608487 0.05785445225671276
32 0.5528433474845333 0.42930593248699556 0.0570189007608487 0.057854452256712874
32 0.634717566650276 0.36937646026901405 0.05701890076084859 0.05785445225671276
32 0.5309627112382421 0.3747366022978743 0.05701890076084859 0.05785445225671282
64 0.17273129907671725 0.6887547225934665 0.3020733458033116 0.24070949788959295
64 0.21803820449862965 0.8222344753810455 0.31665422990857095 0.25931054856779356
64 0.06877581318888226 0.4279232684608338 0.13755162637776452 0.21875673957198638
13 0.932696872499817 0.5009448873346203 0.13460625500036583 0.35726841049671654
57 0.4363056301506801 0.550203607615508 0.8255765106568379 0.5074614807470674
28 0.4468161095707953 0.7230405687461734 0.5698804466699243 0.32834457604202805
28 0.8925815785525023 0.7605999047668723 0.21483684289499538 0.3683576954360024
5 0.516665937107643 0.7472402933393871 0.966668125784714 0.5055194133212256
86 0.6292525486927796 0.3257349778938588 0.5679297082711611 0.6492158452187821
86 0.4827245060537919 0.507200821281338 0.9654490121075838 0.8232791222130003
68 0.5 0.5 1.0 1.0
29 0.11335273488894257 0.35371503151962425 0.10668832366333608 0.12588097414620214