36 0.9529721350349296 0.8181057105815734 0.09405572993014077 0.11575132099477103
36 0.7424682183495321 0.658933880012472 0.18332187028602298 0.14135471462600613
51 0.7621394628900328 0.73246499946991 0.11437071844612712 0.078733366368814
33 0.7362439701875088 0.7847121385980516 0.12203123999158605 0.0978416444300092
33 0.8365208334064171 0.8052221469837689 0.12831241902909685 0.09093600622772402
33 0.8969178314939789 0.7590627084474925 0.1003989379427217 0.07302632966296208
36 0.9197303454688271 0.6700658833120099 0.1605393090623457 0.1411656927185253
28 0.2151323475454148 0.712927033869718 0.37421402235619866 0.32130451677238203
28 0.553975959166068 0.44201289113399067 0.33017702722329917 0.27652983777745854
39 0.8597813302995506 0.5666427291981178 0.190835221194688 0.13826443130571076
36 0.2166886789847116 0.16838243854708318 0.4333773579694232 0.3203952878222086
57 0.3484158974077465 0.5456703723001601 0.4882603196083027 0.36213636353127365
50 0.453955085513149 0.4018691222250005 0.907910171026298 0.803738244450001
35 0.7732095425368535 0.5165519692447462 0.3598877929431392 0.28093694174013445
83 0.619817012448166 0.2156274659634682 0.6189279341550449 0.4312549319269364
83 0.08648426057913802 0.37215814229932975 0.17296852115827605 0.39051055995687495