22 0.6036747907536056 0.6209168751541629 0.29055100330285616 0.6614327495683425
20 0.37904468412942993 0.8988242479767904 0.18991322417214945 0.1795506066692505
85 0.07575043060077323 0.23475104831037039 0.11905008082433254 0.46735966735966733
6 0.6076549377582675 0.34962299725827717 0.08234341965534697 0.0396898885993926
64 0.7539131355547424 0.39119771662144576 0.09212208635216201 0.09901687867789533
5 0.7496637700692343 0.4618297567450108 0.09211602856375767 0.36966301373080995
73 0.0736245363003387 0.8783607597166918 0.12330186942520158 0.0567696771086601
73 0.04457064752773377 0.9483326873157383 0.070863143347817 0.0831741780894325
73 0.2188939801633636 0.8565770464075548 0.08503577201738052 0.12674160470770646
52 0.4116417300694259 0.2835993751247988 0.15022986389737203 0.1241011546096292
62 0.22950436963206428 0.5159589837555939 0.35861051563762036 0.5412922701058294
40 0.22809861656307523 0.16543923323584336 0.20550856771823256 0.1518258806394399
28 0.6100585314433133 0.17534092110363297 0.10204292642085655 0.06073035225577597
28 0.6738353604563486 0.2545544240459495 0.07653219481564233 0.08977530333462538
68 0.4000644499834649 0.4938569637598766 0.781037024929629 0.9863961048427073