81 0.7605491182395674 0.4750951507739506 0.4789017635208652 0.3120406324591183
40 0.4650085946493644 0.5152501731947237 0.1604003413760144 0.13315386762274678
81 0.5 0.2020365861746811 1.0 0.24170439957625905
81 0.8984815059710616 0.7049307192720167 0.20303698805787684 0.08597580474590161
81 0.5377194377293923 0.7895177300170175 0.9245611245412152 0.21821401571224852
81 0.7800134043667822 0.7633629429039245 0.4399731912664355 0.1572981756808629
50 0.4190130144660307 0.6784355313926778 0.49496751886951307 0.3928143462520146
28 0.42957095950108176 0.7549870550610167 0.1681745050819653 0.10839469746853236
28 0.5873540532886528 0.658228585631512 0.09934981899845396 0.08047301230887272
86 0.5 0.283155176526984 1.0 0.2763344012349439
52 0.023463486642438164 0.6746888480934794 0.04692697328487633 0.24334939255715116
32 0.8810595399891795 0.2558789763589168 0.052931712090799055 0.02498150649196662
84 0.6894799523975033 0.6653060244541286 0.14462622890472066 0.0996469448318511
84 0.4495433367232815 0.377537562722647 0.12321352188244017 0.10111166459321319
84 0.093097065071894 0.660329994643883 0.186194130143788 0.43718710439163677
57 0.5898018766578236 0.3064696990222048 0.35068172175452217 0.12033643246156234
57 0.4726504417148482 0.6551011721738027 0.1927217725167215 0.11225625247634763
28 0.43744817804584635 0.25415271346457 0.6470330024504727 0.1356615650701845
47 0.7840920539724854 0.5573302377087056 0.43181589205502924 0.561620381570964
37 0.32544509271671396 0.7997346643753336 0.20979125778582836 0.1716341862499149
37 0.45127098678422817 0.4444467755607509 0.13793336625335129 0.14518456173519356
74 0.9474496448093043 0.2958288747268808 0.10510071038139146 0.10096253329974036
74 0.9587413318001738 0.6759112796454858 0.08251733639965231 0.09316270060827325
37 0.6302394846256408 0.13800144533916398 0.13995253678488973 0.03611835639696981
84 0.25735204705554293 0.3911454145988566 0.08533521542656347 0.06525142648070614
67 0.24374664958203857 0.4741858954953923 0.3561053789608972 0.1452525653057678
67 0.6107346600364023 0.47068875097950597 0.15710456827268504 0.10721614049781747
67 0.1431044897902034 0.7665562671040306 0.2765261635867886 0.18982608748834084
67 0.339674103896052 0.41240687667228504 0.2008380168554949 0.14994043788650696
39 0.7219902472102666 0.18502125526837232 0.17650966396116463 0.04500295310757241
67 0.16304340081562987 0.6065822256381643 0.2765261635867888 0.18982608748834096
58 0.5 0.5005467961995209 1.0 0.8421114384620664