22 0.5054619738213552 0.6416855333404986 0.9890760523572897 0.5440167199416581
22 0.592358900266984 0.34228627524977395 0.8152821994660321 0.5209689766637433
39 0.5444007943907966 0.48407970716553045 0.18310161957430426 0.11741295026181697
39 0.4837804582169578 0.6380390830027869 0.15960220625174631 0.1191904740098062
86 0.1571789574214809 0.548185843964125 0.3143579148429618 0.2935335090737433
86 0.19823630246458723 0.2242167442913854 0.39647260492917447 0.2378711242929848
14 0.5811788323240534 0.8162771867537284 0.5130465055020984 0.21135420445438013
39 0.6207960928579762 0.365355384776141 0.14659584580721252 0.10523658886121645
31 0.7760718096229041 0.9102927807645655 0.44785638075419176 0.17637679349723034
74 0.026717565316204672 0.6308815729159856 0.053435130632409344 0.2174124414176254
74 0.09320241364566581 0.3431285986413173 0.18640482729133162 0.24402596519195913
74 0.1679567054655665 0.10975040890950899 0.335913410931133 0.21950081781901798
17 0.06384399398262058 0.5499743490000617 0.12768798796524117 0.08862373493822717