80 0.38905774624593037 0.4375697994897594 0.5159334109762796 0.21287179434636977
80 0.7459397707940443 0.4533380805524534 0.18773985519669767 0.18921937275232842
39 0.4761694383267174 0.6313882542187067 0.17590040486897818 0.12483222507966096
86 0.373842760494283 0.18921937275232836 0.3331959592229681 0.2864571059722749
86 0.737483020559959 0.17476511511152548 0.31966515884843116 0.29171319965983955
24 0.808485163531222 0.205644665525968 0.04566645126406166 0.04861886660997328
28 0.39244761100927117 0.8429460251431851 0.5023309639046778 0.29565526992551316
28 0.8313529481583073 0.6300742307968163 0.32473920898888264 0.7371671396809478
39 0.9294457720086284 0.48224659583405916 0.11163668921079362 0.16031085747072277
32 0.9429820512482362 0.41391737789571836 0.10148100280902583 0.1603108574707227
33 0.26815614093081164 0.5689721416788762 0.0744194020599522 0.03679265581295266
33 0.5575211352329839 0.566344094835094 0.07441940205995234 0.03679265581295266
33 0.4982943820132413 0.5610880011475292 0.07441940205995229 0.03679265581295277
33 0.42553008520041413 0.5624020245694203 0.07441940205995223 0.03679265581295266
33 0.3459970165910452 0.5729142119445496 0.07441940205995229 0.03679265581295266
33 0.6488995544863014 0.5505758137723998 0.07441940205995212 0.03679265581295277
58 0.12859700370580404 0.15833982233788588 0.2553938570693816 0.30091136361307774
58 0.9205305705156708 0.10117980348562 0.15893885896865745 0.20235960697124