33 0.6477856095176011 0.35723598435462844 0.08034550195567147 0.10951760104302471
76 0.9043857466944926 0.5338983050847456 0.11550327844934571 0.2516297262059976
81 0.6585316166883963 0.10951760104302477 0.6829367666232073 0.20860495436766624
76 0.0537110386641724 0.4576271186440669 0.08733570183942696 0.07040417209908723
76 0.12232361778525078 0.4349926634683287 0.1456250744798428 0.14865842864056844
76 0.18680297683798058 0.4335071707953062 0.03816978719014527 0.1003911342894393
71 0.11901177477183836 0.19947848761408082 0.18780761082138203 0.12516297262059972
20 0.530777901764798 0.6870925684485008 0.27418249272224055 0.21903520208604954
28 0.33996190514993485 0.5612777053455019 0.15566941003911344 0.2907431551499349
28 0.7657930655149934 0.5573663624511083 0.1275484843546285 0.3298565840938723
80 0.33996190514993485 0.3142112125162973 0.15165213494132984 0.14602346805736632
86 0.3424727020860495 0.49217731421121247 0.15466509126466743 0.7783572359843545
86 0.7592586893019824 0.5117340286831812 0.20288373996047337 0.7835723598435462
50 0.129556491485609 0.34224250325945227 0.08637141460234682 0.17340286831812252
50 0.01958421610169491 0.21577574967405477 0.025107969361147325 0.11864406779661019
76 0.7888171664248838 0.26426894151140634 0.4079707206291112 0.1140839012500878
3 0.4969696879842717 0.5448818897637796 0.9939345472440945 0.7527559055118109