79 0.1157189512953903 0.7455545658147156 0.2120472803473307 0.4943058943847275
28 0.887979147979006 0.8200548718877438 0.18415260011658574 0.2761827653431911
63 0.3139998586229835 0.19355779781479426 0.07159451857917953 0.10095902882658897
63 0.25547738606976733 0.24600404655587943 0.056454146066497096 0.059002029833720826
63 0.3683819479677719 0.24010384357250736 0.039930981364107776 0.05244624874108508
64 0.7657288797154373 0.4587088951788242 0.22971566075367267 0.28299257267940686
28 0.6520333389271131 0.6583626772826614 0.29604003425114356 0.07604706067457334
85 0.8090034035998122 0.08407625356777898 0.37039427541189573 0.16520568353441822
86 0.47310287553101943 0.4671585936667782 0.5773835681067695 0.5883944226364056
5 0.6775776920867914 0.6209947250546372 0.4983139805050689 0.5310182685034859
68 0.5017745753632955 0.4819452351413876 0.9951307172602077 0.9609024585281739