55 0.45390440000298155 0.2966609512116742 0.19598372482013626 0.06430164959267648
39 0.6978598745729991 0.6786396793362196 0.2906957919355512 0.4088820397155651
15 0.6891454615187688 0.49444681160492576 0.10646686269077521 0.0796862761107015
4 0.4444046895467432 0.3437248478913154 0.17606204737573805 0.08775185673108499
44 0.1801981967699785 0.6757017071621199 0.34312477376821204 0.6485965856757603
50 0.4799114320024598 0.5251379285272727 0.956766652192826 0.9196733949936142
17 0.4464706450063216 0.3836026270222643 0.23970909750848118 0.06426163666355844
78 0.48032823497358457 0.6836046761815968 0.9606564699471691 0.6327906476368064
83 0.7960948414141988 0.20393233675884473 0.4078103171716023 0.39212712984498127
83 0.1645540667317871 0.1895062550588623 0.3284166197829564 0.37901251011772447
10 0.4420012293793836 0.44196268480855716 0.1328704946047039 0.06295017469083314