7 0.6054983163620957 0.6652673236521769 0.6613895440750924 0.5591631769494908
7 0.5405011951490704 0.1677875706785851 0.33539336200461406 0.14804379000691176
7 0.04039613706169204 0.48224057553168537 0.08079227412338408 0.2658191900703081
28 0.5633423848045593 0.3092466784143079 0.2204820160251555 0.20710693849145734
28 0.29367306418551664 0.6691477200952983 0.30509386039587433 0.17740602864589117
80 0.31850936912740385 0.5255071007625877 0.230562866904516 0.20983639237360951
80 0.3516164747635631 0.25187344822912083 0.3295113405662363 0.29559596828721735
50 0.5 0.3113064655657664 1.0 0.5922901130509804
86 0.3877952628012635 0.5770115298185332 0.5638024985685229 0.4590788590298044
71 0.03690024848277318 0.6544189764605832 0.07380049696554636 0.1983058944244629
3 0.19118977679750435 0.38427069295435184 0.3823795535950087 0.7440919993660627
74 0.048070661977997836 0.3411452015147155 0.09614132395599567 0.682290403029431