12 0.19360635371372792 0.15840938722294656 0.3715775749674055 0.3168187744458931
85 0.636897001303781 0.3142112125162972 0.07170795306388533 0.054758800521512385
85 0.7698826597131682 0.31225554106910036 0.07692307692307687 0.06910039113428934
85 0.9341590612777055 0.32333767926988266 0.08474576271186451 0.059973924380704036
85 0.21903520208604962 0.24837027379400262 0.052151238591916727 0.10299869621903524
85 0.08148631029986973 0.08800521512385923 0.06388526727509794 0.16818774445893092
85 0.2125162972620601 0.10104302477183835 0.052151238591916727 0.10299869621903525
12 0.7770534550195571 0.33116036505866997 0.4406779661016955 0.19817470664928266
12 0.41851368970013025 0.33246414602346797 0.31551499348109524 0.15123859191655803
40 0.6427640156453716 0.6192959582790091 0.3572359843546283 0.13559322033898313
40 0.3644067796610172 0.4745762711864405 0.16818774445893098 0.07301173402868288
40 0.13820078226857901 0.4106910039113426 0.17731421121251634 0.17470664928292012
40 0.24380704041721002 0.43741851368969953 0.06779661016949165 0.0847457627118634
50 0.8702737940026075 0.6238591916558018 0.12646675358539772 0.3715775749674055
62 0.19361147327249018 0.7457627118644068 0.36636245110821375 0.47196870925684486
50 0.6662320730117339 0.48370273794002605 0.03129074315514979 0.052151238591916504
50 0.955671447196871 0.5202086049543676 0.028683181225554244 0.06258148631029986
50 0.6290743155149935 0.4595827900912647 0.016949152542372836 0.045632333767927025
86 0.6479791395045632 0.7614080834419817 0.31029986962190365 0.4458930899608864
50 0.18578878748370273 0.6564537157757496 0.3455019556714472 0.6688396349413297
74 0.6897001303780965 0.12255541069100392 0.6049543676662319 0.23728813559322032
40 0.5345501955671448 0.47262059973924364 0.11994784876140813 0.10560625814863073
77 0.7714668659964741 0.5806271714204002 0.45652951628019933 0.32072327055390454
16 0.49476439790575877 0.25719895287958106 0.9738219895287952 0.352094240837696
19 0.3586387434554972 0.6276178010471204 0.6623036649214655 0.6374345549738221