86 0.7163744246068702 0.5071911668839636 0.3132533326237925 0.6343166014776186
86 0.12838185040880923 0.4108641623207302 0.19171820668356726 0.25294029769665355
86 0.3286585941273887 0.4069324478487614 0.21225908877240596 0.11664086266840512
12 0.9115156620439306 0.1821694372012168 0.16946528342085287 0.15202629291612338
67 0.45704174759864824 0.22935001086484136 0.13694134759510068 0.06028628857018692
67 0.3363621850304659 0.23983458279009123 0.08730010909187669 0.052422859626249485
67 0.20712378823758967 0.23459229682746632 0.11982367914571307 0.04980171664493699
67 0.9389041144489085 0.29291272816166886 0.11126484492101918 0.05897571707953064
74 0.4955651886927731 0.06290743155149935 0.9774362426260361 0.12319372012168621
47 0.4142129990238309 0.18288390451254977 0.8113090611421061 0.10889579685647721
2 0.460554902589308 0.8012720876963351 0.4639918794743028 0.3473494764397905
2 0.30416968940445877 0.4927362838132636 0.12716814474480892 0.0644701679755671
46 0.5042551623188848 0.6216766197643978 0.988375088822619 0.75390625
54 0.2302133973706202 0.16117541993891793 0.46042679474124026 0.022367201134380454
71 0.18559675178972113 0.18354262107329838 0.37119350357944225 0.01973576570680624