39 0.5048435520440929 0.34375416180493706 0.10728838129859147 0.09613215671047926
39 0.4120364962258141 0.3783341369192459 0.09950462959070927 0.08890839807966783
15 0.31180723763987567 0.7048781394381238 0.19255811268175826 0.16351134031341807
39 0.39116927037128496 0.9540675438866393 0.22182903807383825 0.09186491222672133
39 0.5650940085607847 0.8647378306469695 0.2043195395315066 0.17361114520258647
7 0.7007728494709943 0.6114814718565355 0.5984543010580115 0.671980408116766
71 0.5853857892907155 0.19181965023886519 0.5559988852815496 0.38363930047773037
71 0.11372002438162346 0.25532905207218015 0.22744004876324692 0.2608750650120671
40 0.21927559423229478 0.4726591115559031 0.4368083506448452 0.4013559071324244
40 0.27854608926133484 0.11340662522656017 0.18283995612129766 0.1429715746532934
50 0.4078218087844605 0.3061742686046852 0.5232229988103436 0.5521693203864941
50 0.35759701350231643 0.6211036479274463 0.7151940270046329 0.7577927041451074
7 0.22958640121790722 0.2575299652669145 0.336185642172061 0.28794323814067463
76 0.6461672842878075 0.7558456660007127 0.707665431424385 0.48830866799857453
76 0.2873197264203496 0.44470223152814276 0.5746394528406992 0.2722978742531522