76 0.9268126891269284 0.6453825849846941 0.14637462174614324 0.31520987535174205
39 0.9767030617413899 0.6370546143457209 0.046593876517220134 0.15583385522820148
7 0.5000177379230781 0.1047447376416229 0.2667800364642603 0.18151148317166943
57 0.5069362505152997 0.7592320194485978 0.7848910998099972 0.4815359611028045
40 0.5925876756341006 0.18475401523572352 0.3693921219548387 0.2719188286485767
4 0.676805375472274 0.3170766095923914 0.1413555120422697 0.10638908040427819
62 0.7514955001510999 0.484902552966169 0.4970089996978003 0.5303946577888754
4 0.2072643040851983 0.5165746623608816 0.13395555034602413 0.0929159891269643
86 0.22224021780485093 0.27347991269539906 0.44448043560970185 0.38094541747719707
86 0.35803393217874274 0.7134117761691975 0.7160678643574855 0.573176447661605
50 0.3604770523407883 0.5916786415926385 0.7209541046815766 0.6156524825987014
50 0.7017818563643282 0.43042191940284186 0.5964362872713436 0.6907925810782113
81 0.3671222853287656 0.15140611002895654 0.389982043133399 0.3028122200579131
37 0.4676742807479355 0.38452299497763376 0.36809213292473203 0.23416991682549354
37 0.8424361363612979 0.2807974294748259 0.2492330059762058 0.20139249737221782
58 0.4845972197563254 0.39770185972812 0.9691944395126508 0.79540371945624