39 0.8643132419933492 0.4360139923318105 0.16340052433988028 0.17031749939459334
40 0.18213005215123862 0.8696219035202086 0.36072359843546287 0.2451108213820078
33 0.7355932203389831 0.9569752281616689 0.1591427640156453 0.07561929595827888
33 0.842566464645699 0.9628422425032594 0.13260685367210157 0.06649282920469379
64 0.2740366207684137 0.5472831448187241 0.41704523241570446 0.2733376061965659
20 0.6675154823989569 0.16492829204693613 0.1785935462842242 0.10560625814863106
41 0.45797750977835733 0.11994784876140809 0.14146023468057367 0.09908735332464144
81 0.3571870925684485 0.07692307692307693 0.10609517601043023 0.15384615384615385
83 0.12984145993149077 0.1563871615118399 0.2526099081289528 0.30495163723489227
85 0.8558344198174708 0.09908735332464144 0.26877444589308996 0.19295958279009123
86 0.6389998882510907 0.5312907431551496 0.6529324268876491 0.6088657105606254
29 0.7888073983666989 0.37630890052355986 0.11892929127095697 0.09031413612565442
31 0.22811272905759145 0.3854712041884815 0.410070353403141 0.1505235602094238
21 0.513920323802936 0.10732984293193715 0.5094715001905334 0.2146596858638743
37 0.6344687209734279 0.08115183246073299 0.17572178682566209 0.052356020942408335
22 0.7807062555221282 0.5386125654450258 0.41170176927393365 0.27879581151832467