39 0.4233802356020941 0.4816753926701571 0.16860274869109937 0.10994764397905754
50 0.9301625892146564 0.33049738219895275 0.043060992971330814 0.06675392670157049
86 0.8307944625898811 0.3592931937172774 0.08056106241436023 0.17146596858638768
69 0.6920238929920168 0.24537229002926672 0.19034195731489834 0.19810361155142414
69 0.5009803675052238 0.2138399691010136 0.1256151901029121 0.15679430535668215
22 0.7072166050580883 0.5837696335078533 0.46648257495287804 0.6465968586387436
30 0.1742235531827474 0.5791884816753929 0.2585242146596858 0.03010471204188525
30 0.33161997988680825 0.5883507853403137 0.08986942655996416 0.027486910994763525
79 0.2669771638898011 0.6884816753926704 0.3915330497382197 0.149214659685864
76 0.4037384017885539 0.6109612490996019 0.3635842325380072 0.7766928439121377
68 0.5046830532515583 0.4973821989528795 0.9868857400109698 0.9712041884816753
20 0.9438008659411616 0.5261780104712042 0.11239826811767617 0.03926701570680624
13 0.9386205285250511 0.4888743455497383 0.0899164758883072 0.03272251308900498
2 0.10490160471154378 0.8304973821989526 0.20980320942308756 0.31020942408377006