32 0.903748775254896 0.6167872936105514 0.0652889492429094 0.041075668328338755
32 0.11158677270839393 0.16951524326594758 0.057860509005214056 0.03839894419720857
32 0.21671065059167144 0.8356755204384114 0.12063694348693232 0.03891971804691352
32 0.419610839079928 0.3723013030299923 0.046911246757389724 0.04615341278781382
32 0.02398201319720436 0.24048962177844446 0.04796402639440872 0.09509076785228521
81 0.976555671070977 0.22421896905737182 0.04688865785804608 0.06364402090775423
81 0.5 0.7648222037126773 1.0 0.19222608357446647
28 0.5326235983668695 0.523309632724762 0.9347528032662612 0.4784964583915201
86 0.5 0.5871771982069065 1.0 0.38195095322895317
37 0.6433510299753262 0.24196320275778915 0.6259201234624352 0.19413857595072037
67 0.89453735767746 0.18477067111040943 0.07483497175694209 0.04262670870189361
47 0.5984859377042999 0.2742303482556606 0.8030281245914002 0.2577119533751094
29 0.812695229173148 0.563093525641611 0.16654677284426178 0.09721544238232338