7 0.5554721827511115 0.5361001261229943 0.889055634497777 0.7174164089410113
71 0.24585995258188048 0.3452989615886296 0.49171990516376096 0.446524175926936
74 0.7320126897263868 0.21339121601018377 0.5359746205472264 0.42678243202036753
71 0.2529601075905863 0.9058359219936334 0.26449623006137585 0.18832815601273334
7 0.21118655836089345 0.6519979874033952 0.3989352151031287 0.4873031109864848
50 0.36557723178472934 0.6302993153089596 0.09459640321078361 0.07556177139624687
50 0.46407219370987973 0.3613200645598576 0.09459640321078355 0.07556177139624698
50 0.19384420852414871 0.6309055003073065 0.09459640321078361 0.07556177139624698
50 0.26151623814202407 0.5710348439205497 0.09459640321078355 0.07556177139624698
50 0.29450654001321763 0.6114103013629621 0.09459640321078361 0.07556177139624687
50 0.29291508678642897 0.6778043720325573 0.09459640321078361 0.07556177139624687
50 0.34241720170133594 0.7259963080958449 0.09459640321078361 0.07556177139624698
50 0.36128051920370785 0.47483902444158704 0.09459640321078361 0.07556177139624698
50 0.3588854341621952 0.39442872400802104 0.09459640321078361 0.07556177139624698
50 0.40539903388488596 0.43107755023996946 0.09459640321078355 0.07556177139624698
50 0.2807397162814662 0.42420787106870045 0.09459640321078355 0.07556177139624698
71 0.1293845189675324 0.7676936659774753 0.2587690379350648 0.4646126680450494
74 0.890776541181173 0.5563032396578953 0.218446917637654 0.49646420974185895