22 0.613650622740642 0.5689762887357758 0.7726987545187161 0.7994373771388525
51 0.638142264890837 0.9025047554921889 0.2849963549533491 0.19499048901562221
51 0.5994619447259139 0.953545077605782 0.25310311464261576 0.092909844788436
86 0.2935045615100942 0.6734712292455336 0.5870091230201884 0.4828386177132994
32 0.4993035774155955 0.16175830577932496 0.14112808588826048 0.10502986380167895
32 0.21526524829599109 0.16055330409208296 0.18045105558048313 0.11331368368771211
32 0.2747718690845844 0.30997149279133784 0.18962249279606808 0.13833928429181902
86 0.5 0.48704250142029143 1.0 0.9740850028405829
29 0.40977119313123905 0.23955089401299023 0.2743035321168944 0.19879945910018537
80 0.21773647895032094 0.6251382703074327 0.22304745338618692 0.14848003053046144
83 0.3470357722274405 0.2663234300285003 0.694071544454881 0.5326468600570006