39 0.8732104087814203 0.45095581731728207 0.2535791824371594 0.16975236665810506
39 0.891615231660598 0.2862806077129523 0.21676953667880405 0.14555112211601046
36 0.3841542496060434 0.7128643705987793 0.3729738355309022 0.2720814439251893
36 0.6016646283144427 0.2307704195722816 0.45982557525355056 0.17504266601619695
36 0.04137543676864225 0.46365086663450805 0.0827508735372845 0.47110564423782275
36 0.2658793228893849 0.3004080869925302 0.3669160997297362 0.15550141956687885
28 0.9688539581146571 0.22719427780110585 0.062292083770685736 0.08919248874786945
36 0.9886930664014553 0.36479835362892205 0.022613867197089466 0.15432359200199464
50 0.5 0.5509177424656951 1.0 0.6130549582290243
80 0.7480095005190444 0.8403528154157924 0.5039809989619114 0.14341736954908357
80 0.7820983790430822 0.6220835844712749 0.4358032419138357 0.3716165906997918
36 0.7610346615392384 0.6577333508027003 0.47793067692152325 0.21524923518939054
80 0.5532918600743388 0.41914342889082357 0.26204372503420287 0.226688753864565
29 0.25398773259406987 0.42575918594957385 0.2702840088103796 0.14100362530975802