55 0.32311037955221955 0.6210850709110209 0.20967760472068314 0.07197094066680909
4 0.2963764849503324 0.7427813887658072 0.20862921669707973 0.12431344296994307
32 0.5396025064263249 0.598839507432189 0.14991948737528843 0.24470119826715075
32 0.8090382284924027 0.6250107585837559 0.154113039469702 0.2551696987277775
32 0.7214978285215176 0.8854147075418468 0.13419366702123714 0.15310181923666655
32 0.6764171435065705 0.24814474200119221 0.1300001149268235 0.30489507591575477
32 0.38758624300382943 0.19711080225563676 0.14782271132808156 0.21852994711558385
32 0.09665856645388177 0.11074567345546585 0.1887098442486148 0.11122781739415945
4 0.8687963458377974 0.31553571371647704 0.09120975805349707 0.06542812787891733
55 0.8441592272831171 0.2671188990860782 0.06500005746341186 0.03140550138188025
44 0.8956463426156607 0.40114918494019514 0.20870731476867588 0.2930101096788776
44 0.35089266217771004 0.8271836737296105 0.699274811743478 0.32975776450974337
50 0.2581103220888078 0.5471512864078443 0.5074198034240531 0.7432635327045007
50 0.9088365208088538 0.28377486138287916 0.17152801753197966 0.4479302679129569
63 0.8887640932253241 0.28908928829032093 0.21410589422431503 0.576994921379402
83 0.5919354671416147 0.3133838112957695 0.3819843794683804 0.5830685521307643