51 0.08316331119430181 0.8471427095539744 0.16632662238860363 0.14272164743940374
51 0.07983842743869354 0.651485943460256 0.1596768548773871 0.09529227110263594
51 0.16704434441589208 0.7174671251990262 0.18705004223463334 0.12744132971909505
51 0.04166152042845095 0.5998327186101629 0.0833230408569019 0.1492735396066186
51 0.07089001687061847 0.7266440973164008 0.14178003374123693 0.13866932337553595
51 0.005393574433115861 0.6817343518915959 0.010787148866231722 0.14553087505447182
8 0.2521522008505384 0.5922290468591861 0.5043044017010768 0.26077039155512644
8 0.5282941946722092 0.6213301797298698 0.4546533405200804 0.24537862975160352
55 0.3831643480830029 0.285232351287606 0.22011413463316076 0.11493912007169105
40 0.5470177174768607 0.05592872007965666 0.3767826693381905 0.11185744015931331
14 0.9571520488133389 0.29829710710618135 0.08569590237332225 0.18110471446538345
50 0.4447166541434201 0.24526368919385244 0.7739473915258193 0.4905273783877049
83 0.8819235920340374 0.1988019674462673 0.23615281593192539 0.23864432131412378
79 0.600126659388865 0.5588019511602408 0.7997466812222701 0.7026546078407367
45 0.7110126312676204 0.6882280351589265 0.5779747374647592 0.623543929682147