40 0.2997882388646702 0.29114086021877233 0.16360420977449722 0.08696253618251573
40 0.5378491406992011 0.310905072987526 0.1384317417506476 0.12912619008918974
40 0.7633266139185614 0.2944348956802313 0.17828330376977375 0.13044380427377322
40 0.34278776208515427 0.028302767681448616 0.14891899491357552 0.05660553536289723
65 0.37267643359949876 0.11787459494603317 0.06187479366127441 0.04084603972209061
65 0.5897625740721052 0.12775670133040995 0.032510484805076345 0.09750344965918407
65 0.5897625740721052 0.12775670133040995 0.032510484805076345 0.09750344965918407
65 0.6128401418240549 0.13039192969957708 0.03251048480507612 0.08696253618251554
65 0.6348687292236428 0.13170954388416062 0.02411864198618552 0.06851593759834564
65 0.6631911987373987 0.12775670133040995 0.032510484805076345 0.09750344965918407
28 0.8671504202315472 0.12380385877665925 0.23701192148216954 0.2134534979025381
62 0.8398827968997291 0.6982836432550952 0.2915456379293945 0.5586684142634329
65 0.524217241803806 0.6791782375786334 0.06502096961015263 0.054022181567926264
14 0.14195686401508587 0.7088245567317635 0.24225554806363353 0.5533979575250988
55 0.3160452665196883 0.4077497155544183 0.04090028733541862 0.038210811352923535
62 0.5462404734459547 0.4637483183992199 0.3146175948878358 0.134396646827524
62 0.26308183265014845 0.5572989255046532 0.32929974931593464 0.2898751206083851
79 0.4817369805200972 0.8386095539132454 0.47297715793659456 0.30436887663880396
62 0.34121467411071504 0.2081311665900076 0.19820908477933646 0.17128984399586394
50 0.26256027538875615 0.4802184957065144 0.2800096594501737 0.5046462326955066
50 0.35222628993178934 0.2226249226204268 0.2370119214821695 0.4321774525434104
50 0.5472789973195054 0.432784385061506 0.2244272176866562 0.46511780715799966
50 0.8031781759376871 0.4821949169833899 0.2558889771754398 0.5560331858942658
83 0.11206819250074143 0.200884288574798 0.21393996452372832 0.39660186955965415
68 0.5006687624243256 0.48117155657630833 0.986908314154805 0.9289601798537878