32 0.20661896243291594 0.5807182718143526 0.06440071556350627 0.11118317427962565
9 0.5223613595706619 0.7645981369691183 0.04472271914132375 0.19157716183566276
9 0.49284436493738826 0.8381500830310245 0.04114490161001788 0.2223663485592513
9 0.45214669051878353 0.8253212552295293 0.04203935599284436 0.17618256847386826
9 0.37701252236135957 0.8287422759765946 0.043828264758497326 0.22749787967984958
40 0.4010919808525215 0.33206852855397617 0.13628902201847154 0.14605278115919035
40 0.11099854364822223 0.165923470430223 0.19200179791934935 0.1640146846418552
40 0.8342910452974379 0.5777891278617636 0.20220716343362655 0.202282436555755
40 0.6855992844364935 0.14710389212381247 0.07423971377459748 0.12657776764142004
40 0.8108228980322003 0.12315674689435462 0.10644007155635049 0.11631470540022379
40 0.5849731663685152 0.1684852717929712 0.0661896243291592 0.06670990456777542
40 0.6353994526397552 0.3401348100235338 0.11351270900353638 0.11597857931440425
40 0.5270067369948529 0.43830871839173596 0.13057955723074577 0.1425549264952536
40 0.6698190303078986 0.5415018423715139 0.12508091057202086 0.11552727600157398
20 0.29203935599284436 0.823611887786889 0.1135957066189624 0.32328646059768085
40 0.18373409762001514 0.6778149732726484 0.22922158078693322 0.237980870273523
86 0.1583184257602862 0.7654533921558846 0.1878354203935599 0.44302218674497007
86 0.6833631484794276 0.661967514557156 0.16815742397137745 0.37973330292426016
86 0.6346153846153846 0.4079567240875497 0.08676207513416812 0.17276154772680297
86 0.40250447227191416 0.4045357033404843 0.1663685152057245 0.34381258508007334
50 0.13059033989266547 0.29506303943439127 0.22719141323792486 0.4738113734685587
50 0.5881037567084079 0.23776094192104572 0.08855098389982108 0.1847351203415319
50 0.6891771019677997 0.23006364524014855 0.07602862254025045 0.3403915643330079
50 0.8054561717352415 0.3831428943624017 0.18336314847942758 0.28736574275349414
86 0.943649373881932 0.27881319088583056 0.09302325581395354 0.328417991718279
79 0.5120751341681572 0.9384235247705459 0.4516994633273701 0.11454590555117916
50 0.8385635789112245 0.7642369020501141 0.15246772968868638 0.44419134396355353
19 0.7659121108580106 0.520501138952164 0.44787395596051627 0.8769931662870161
47 0.26082255156975886 0.32118451025056954 0.14533798635289613 0.23690205011389534