40 0.6297753008028126 0.6099727011552326 0.17879800957796899 0.10473008981369913
40 0.2809073887968212 0.6404276398140558 0.06665150410847492 0.036416882969829034
40 0.25778871603319276 0.5263550277370985 0.05186741954306112 0.036001103247910726
40 0.2745778240651341 0.4428604206660673 0.04187282418601829 0.022497319364439328
40 0.26189988913674234 0.7953511089128662 0.0610240087706338 0.034795990827463874
40 0.4716883886153558 0.36963593750947765 0.08095511646552644 0.04193119887596303
60 0.6656532550473939 0.43422497592710685 0.28958948643343874 0.0956923370513143
14 0.9084410055674444 0.39763652974312336 0.1831179888651111 0.10715012620947689
14 0.9178178446612694 0.759903840972519 0.16436431067746127 0.15739304134201648
48 0.7639056669882589 0.2042637976450393 0.10503374858680059 0.09480099576689477
79 0.9112205360034944 0.20794860228453513 0.1775589279930111 0.10461728978955814
79 0.5433185850650458 0.6237049062284172 0.5108886701021216 0.4184467139948943
85 0.11543592805875089 0.7656977709875569 0.23087185611750177 0.09920712352120398
85 0.12110333592666195 0.5551682183717812 0.2422066718533239 0.0879954722242724
85 0.11966876015502348 0.6500856854455362 0.23933752031004696 0.11293348047067187
85 0.12931365907386283 0.4864463008217592 0.25862731814772566 0.0644568934410969
50 0.37460650242903054 0.7921898980578858 0.27349332700584716 0.08592689212369042
50 0.49530773284096963 0.6949213416434167 0.5296306430846451 0.09893448850370934
50 0.7778299775303854 0.6002977378404284 0.4443400449392293 0.1867191136310291
50 0.4686102233999714 0.5299465676897092 0.4577231361570581 0.09980202255017306
50 0.3794599833950871 0.6488807472376212 0.26703603778541807 0.08844581945723806
50 0.6462235167459481 0.2437533095636029 0.7075529665081037 0.1413442101236257
62 0.4707856785512415 0.34555252591310004 0.2885009546316818 0.07658615055395929
50 0.7238936156826752 0.4424743236408659 0.5522127686346497 0.19573282215797788
62 0.38080390316616997 0.44659093647676706 0.14468963018936454 0.046001197987641074
63 0.14626605840001042 0.16071615604687048 0.12478046642858492 0.05278306178939968
85 0.2431826339088545 0.3085344628245772 0.2763190456692956 0.06319364418436879
27 0.7063074797004076 0.6080868118568612 0.07871826706906349 0.06136243573363909
85 0.12747837072079227 0.436031419309877 0.25495674144158453 0.06445689344109673
83 0.1303509891454769 0.18109518398738647 0.2607019782909538 0.10018445587138175
83 0.12584940813821321 0.3676367556973156 0.25169881627642643 0.07977806646597402
50 0.3683608766351744 0.16627334803149144 0.1851709584362501 0.04511929767466821
78 0.439644269973578 0.5228739919413449 0.2559825868159946 0.06705216673606618
78 0.5321727430220273 0.793680042922826 0.4202734338426283 0.08907648823395609
78 0.8663037188760435 0.6058317305605082 0.26739256224791297 0.14125296651416397
10 0.7916789747318175 0.6027482635890403 0.06135637244985204 0.04674850546455267
48 0.4402439096812007 0.5889101473120781 0.0587343155179062 0.038880834333476
48 0.5565444898733893 0.7229239175184706 0.06557337954714126 0.031166487283056155
48 0.5098559088280994 0.5853989468106366 0.0655733795471411 0.031166487283056266
48 0.525844181374691 0.6110134635359112 0.06557337954714126 0.031166487283056266
48 0.5352016325481954 0.6381720645719935 0.06557337954714126 0.031166487283056266
48 0.568855649619315 0.6599576840563519 0.06557337954714115 0.031166487283056266
48 0.589149349122028 0.6865634376897485 0.06557337954714115 0.031166487283056266
48 0.5200651681796213 0.6741675782146455 0.06557337954714104 0.031166487283056266
48 0.540457542504566 0.699041366320619 0.06557337954714137 0.031166487283056155
48 0.49812372582651354 0.5616416497571954 0.06557337954714115 0.031166487283056266
48 0.5608731098625273 0.5703856969608367 0.06557337954714115 0.031166487283056266
48 0.48326367764105965 0.4779436607910452 0.06557337954714126 0.03116648728305621
48 0.43719328990725814 0.4826903716207175 0.06557337954714137 0.03116648728305621
50 0.351619077624729 0.40270876620218377 0.12569050969219964 0.03129748127877913
50 0.3230636471721572 0.387132939828275 0.13598502365056608 0.021212714828648005
50 0.33139766780884844 0.3556938697026214 0.15909173864613735 0.04523426462580277
50 0.36520333484931555 0.5853609456916874 0.06897984009149405 0.027936193766252337
8 0.9364872482948314 0.1967734580929447 0.12702550341033714 0.07506627348792477
8 0.8363531655718521 0.2014214445263081 0.08594407984474028 0.0967648097896
68 0.5198892197759313 0.5052656030619115 0.9602215604481374 0.7388591324065172