85 0.10609517601043025 0.2288135593220339 0.06551499348109519 0.1499348109517601
85 0.19850065189048244 0.22946544980443284 0.060625814863103006 0.151238591916558
85 0.28552803129074317 0.2301173402868318 0.0528031290743155 0.15775749674054756
85 0.022490221642764013 0.22555410691003913 0.03715775749674055 0.15384615384615388
85 0.09729465449804434 0.483702737940026 0.1320078226857888 0.2242503259452412
85 0.27330508474576276 0.47913950456323334 0.1378748370273794 0.20990873533246412
40 0.5514973760038566 0.5169491525423727 0.044981758022635154 0.03520208604954406
40 0.7070255168560255 0.5084745762711863 0.04302542920688435 0.03389830508474573
83 0.7822685788787485 0.38917861799217734 0.2561929595827902 0.13168187744458937
1 0.7138200782268579 0.6329856584093873 0.5671447196870927 0.10039113428943924
40 0.8184485006518905 0.530638852672751 0.041069100391134206 0.03389830508474578
86 0.7543992747033625 0.5299869621903521 0.04400260756192964 0.10039113428943947
50 0.548076923076923 0.5704041720990873 0.0792046936114732 0.17861799217731433
50 0.6986636245110822 0.5345501955671448 0.07333767926988255 0.12255541069100401
50 0.8414276401564539 0.5697522816166884 0.09485006518904826 0.12255541069100395
77 0.15878787878787878 0.7369651260075507 0.31757575757575757 0.2391919191919193
12 0.1672727272727273 0.37731888582797685 0.3345454545454546 0.4606308744005717