40 0.5310795467876086 0.0749245857724713 0.22784489560410692 0.1498491715449426
40 0.1986850454460059 0.28521288367277414 0.18070581435972022 0.23834030567647424
40 0.394554972890905 0.3295699591070134 0.14854875670014583 0.195409672876537
76 0.36892064056460333 0.7679357679310113 0.4600712094218461 0.4641284641379776
7 0.5628922154254036 0.5 0.8742155691491929 1.0
0 0.3880194679714459 0.38131416425191067 0.23301903966157378 0.3064878145322853
12 0.07003212256782448 0.42337660251349113 0.06816807800907931 0.09001627615833774
12 0.28179804676645137 0.14560355413863127 0.06881677183327811 0.0910328012764175
44 0.6612333862717967 0.3242286004097576 0.5726992562512748 0.6484572008195152
50 0.6720380923492665 0.3333594387002262 0.655923815301467 0.6667188774004524
86 0.22510462140343365 0.3198020259473116 0.28390122713123983 0.3728596498915765
22 0.3127531671610282 0.4945085589710323 0.2775934582919833 0.3624010655950984
71 0.13811833753672023 0.5402757295889642 0.23680931974935876 0.3086159382412158
71 0.24183103595547045 0.6496055891474448 0.13575658976503513 0.1782828247593563
71 0.3833732814847015 0.15121817645068902 0.1930159590712101 0.25350864363107894
71 0.6386153580847591 0.0006571345931279116 0.20427708870529682 0.0013142691862558231
58 0.44572181941777655 0.059178027520894766 0.3174168716460591 0.11835605504178953