81 0.7291237519667793 0.3739111947455202 0.5417524960664414 0.5176224033094868
81 0.9632730473154258 0.3433529745161884 0.07345390536914831 0.1661597213883283
67 0.18821605878619915 0.4220574625375193 0.3764321175723983 0.3604601232528591
67 0.029643569751938825 0.6245050334687895 0.05928713950387765 0.22291133627295978
67 0.024760678964069693 0.7247465142910088 0.04952135792813939 0.19786906166240337
57 0.40628388970039264 0.7769333418654474 0.6745132629604711 0.44613331626910524
57 0.31581707617509713 0.40663922544436437 0.6316341523501943 0.5901880001011703
58 0.5065956600524841 0.4271052028711242 0.9868086798950317 0.8542104057422484
11 0.3376991847385018 0.359819383907323 0.6753983694770036 0.6668324236050353
11 0.42860747146780903 0.7503605025169131 0.7465049779294491 0.4992789949661738
37 0.7161375238696661 0.7314238084107301 0.4654354847705314 0.3787948559053924
84 0.8752241319787797 0.540204789334042 0.24955173604244074 0.23713855744020196