30 0.04524800997754361 0.7257464318128894 0.09049601995508721 0.12754717936162852
30 0.08621380604724346 0.8036820759139276 0.17242761209448693 0.16550523119754457
30 0.42969680367740465 0.7838810101634381 0.3694084463840991 0.34039113905755214
30 0.14922717382752063 0.8831013325706074 0.28600146943955956 0.1473096893929856
30 0.30216607150651026 0.9375853319555831 0.2580264203650128 0.12482933608883362
30 0.507838756245008 0.5834553426591176 0.2724407829384927 0.19421341758868738
30 0.45721535342063346 0.6986312667554088 0.3565954036865154 0.25943582462211134
30 0.29529066400533016 0.7067736589306544 0.29776862215488453 0.2361193907039132
39 0.8143773088489463 0.34162340238701655 0.2651091367551789 0.16823053161849555
39 0.3961714060647928 0.5028305319203109 0.27781432505658665 0.2051667648588102
50 0.4979665352078723 0.5259318341518762 0.9525433571719756 0.8980923635364989
71 0.2066874482913389 0.4923058621754902 0.32178157709903243 0.26445811168804517
71 0.7885848587084425 0.7518496077728951 0.3127838040415155 0.3090112826250012
74 0.6274880347329503 0.09128512772162098 0.5854351745556174 0.18257025544324196
74 0.9403344448010118 0.29442414789786464 0.11933111039797639 0.30396967831004423
74 0.32594918884872137 0.21791292878322738 0.32267402651834115 0.3360672253853042
40 0.47440887106338003 0.15255809126149966 0.19478897655600957 0.16843067375047382
2 0.6735076892231844 0.5250581859991963 0.5599431112813894 0.4277105200898226