15 0.5975968801116965 0.43967273288536624 0.16533503038701425 0.11993144217331447
39 0.6857343755699171 0.42881724031706114 0.17459374993231225 0.12971525372052167
51 0.9937726011378425 0.5998394979302445 0.012454797724315125 0.1185203750349142
51 0.9414399169349038 0.620819356148388 0.11712016613019238 0.14546878005875907
51 0.986093354950284 0.5442987268564464 0.027813290099431898 0.11362735327794682
67 0.32966565647931656 0.50779050726292 0.5322668964130064 0.3994980086861466
57 0.6282883870963856 0.5256815667127995 0.7434232258072289 0.7891171042314105
80 0.6850684851270656 0.35044079517089033 0.20149091311746092 0.15049570746335583
32 0.913951717186082 0.545639683463337 0.17209656562783593 0.1273036082476241
32 0.5753823248606511 0.7092275757839752 0.1441400988097543 0.10601878935994347
58 0.5 0.5 1.0 1.0
86 0.47046905527305155 0.13780684717365504 0.5188651375587664 0.2756136943473101
86 0.5636234370031004 0.29215905577571855 0.45059173392023755 0.32940403498948645
80 0.47068560791440267 0.11132342939244344 0.3253684352212328 0.22264685878488688
37 0.502827167496543 0.78822208444644 0.2112078099665204 0.15378949244721885