73 0.48939490440367844 0.12330121762224122 0.16695735027468672 0.13784814847581672
40 0.9255395946203686 0.31703165364680697 0.14892081075926267 0.1865005191373061
0 0.4069320910522861 0.9670033142981791 0.14341382587878443 0.06599337140364181
0 0.48180006586149876 0.9381857313962636 0.20135178918956365 0.1236285372074728
22 0.5 0.6319503519281341 1.0 0.7360992961437318
59 0.8635371877981597 0.4265491523153697 0.12225906699315181 0.08379789240644914
81 0.3159644508631504 0.2772485255544674 0.6319289017263008 0.5544970511089348
39 0.008510558708434174 0.7414350671652525 0.017021117416868348 0.0886199758691022
32 0.40086612034389135 0.8796833268364942 0.2913230644355726 0.2342911629869111
74 0.757736307749802 0.1569159752006883 0.4845273845003959 0.3138319504013766
86 0.6540899009367114 0.4528000177334312 0.6918201981265774 0.6995385768968011
58 0.12577929025332457 0.548587301570825 0.25155858050664914 0.338911634571031
74 0.5531994846344136 0.21665523968296857 0.2249457964592343 0.14698318287196577