82 0.5329011672381501 0.1273986609243774 0.43556107659954246 0.2547973218487548
11 0.255069964884466 0.5776843669034069 0.18553252252074187 0.22688434179833772
40 0.2772208742425377 0.5286168653032495 0.13737632502753683 0.08345985640816467
37 0.4711173391930895 0.8179310342880781 0.942234678386179 0.36413793142384376
74 0.2918853354673543 0.2964592477943389 0.5552862721432097 0.37577718947258576
74 0.8334289462069032 0.37608571338499563 0.33314210758619356 0.6300281035974538
22 0.5717027697089578 0.4991650717545525 0.48630035736850313 0.5794020552553645
86 0.6306246591889129 0.3058108788774094 0.42112604132222664 0.3738947025690025
74 0.23737115229724343 0.0759102190907339 0.2915373549586412 0.1518204381814678
74 0.1148485393372582 0.5226096212372182 0.2296970786745164 0.19689096783723486
44 0.661165307999966 0.348858730189557 0.2842440905269046 0.22630396912399298
40 0.7082554781338615 0.1732501872110282 0.14953404586585062 0.06142770798325248