81 0.20525007064050285 0.7716260945813462 0.16586251390668377 0.11091976385532776
74 0.14756883265840176 0.4711813331594705 0.2951376653168035 0.4386222129324858
74 0.527252590051591 0.18349870599082774 0.667417593811559 0.3669974119816555
22 0.5801013931088923 0.6290571397383045 0.8397972137822154 0.7418857205233911
86 0.49815076641987194 0.42615168073101095 0.9963015328397439 0.7453849156715442
46 0.9033125273000305 0.42547948294411797 0.19337494539993894 0.3215328729074689
46 0.5095974931924018 0.8892611045768457 0.47929097907261475 0.22147779084630848
18 0.5826467778689031 0.9939322989487657 0.06889298325684101 0.012135402102468662
18 0.5523078036752713 0.975290832486485 0.05914137133759967 0.041472181463925395
81 0.2071217476557362 0.7459053785421317 0.1329493724046069 0.08955529862629108
81 0.2876323869118351 0.7215500425986436 0.14204759640420445 0.10065953149001361
29 0.4869057690269156 0.299553635634417 0.2762889939655737 0.19170209323343224