8 0.8367899214659686 0.356020942408377 0.19419175392670152 0.08376963350785344
79 0.8358758705242773 0.545157068062827 0.3125267269962504 0.48821989528795795
39 0.4210430301047121 0.581151832460733 0.14652650523560212 0.09162303664921456
39 0.6408273338448776 0.4502617801047121 0.08473821989528796 0.08376963350785344
69 0.34352144199288515 0.27837818610549925 0.3173671019675326 0.29624617386064855
69 0.46297743678271003 0.25270624884103043 0.15161907446322165 0.2004288666951692
28 0.31687881717520705 0.8344240837696336 0.17830333769633505 0.21073298429319376
22 0.5453891177262363 0.5615183246073298 0.6953359363310809 0.6073298429319374
14 0.1376798361693567 0.38219895287958117 0.16239992265456527 0.2827225130890054
86 0.4033892342931938 0.31544502617801046 0.390148887434555 0.5104712041884817
2 0.18889561518324613 0.8409685863874345 0.21184554973821995 0.21073298429319376
31 0.7043919069928188 0.9332460732984295 0.5543291884816752 0.12827225130890052
83 0.7970777438240635 0.16099476439790583 0.3760163060871743 0.3036649214659687
83 0.10421739053357143 0.12041884816753931 0.20843478106714286 0.23298429319371738
70 0.4676019703624945 0.6047120418848168 0.08122109601607813 0.03926701570680602