81 0.06677833733225516 0.25928012404529976 0.13355667466451032 0.3889584857514137
86 0.3369714840619992 0.5983676075177518 0.25183401451681975 0.26369052876395177
86 0.13623740391097233 0.6379626840382009 0.22133132368172737 0.3130923904994067
86 0.9122173406144315 0.445816872788749 0.15929495356492773 0.23917266497923706
80 0.6824358966842097 0.5148063547184001 0.2892673663260358 0.18764785990418087
28 0.7346895902394222 0.8265482780536629 0.4291879226478703 0.3223458224276441
84 0.33524188194238813 0.8881142021930732 0.4779556579755231 0.2237715956138534
32 0.6167224560390067 0.2733972007407553 0.06896180680399522 0.0521048720826075
24 0.6499575079005794 0.316179295061643 0.08194598736278613 0.05901727579198712
39 0.4597157209013084 0.4182497496569103 0.21784131253536493 0.1616945237194785
39 0.5129337225874503 0.596168603241021 0.24341550939710593 0.16459573377983383
86 0.6951681401023377 0.5682335047236365 0.5617964450498466 0.8359792112084707
33 0.5069932568910469 0.5310830258376157 0.23700518557278205 0.19555620046112288
37 0.9327577455187426 0.6116743457512029 0.13448450896251474 0.13876054901462154
37 0.38457168691682986 0.7251982097885216 0.26402635142396114 0.08117574863983834
12 0.23411974217618733 0.4138822376338779 0.44078988813917813 0.1992150625082052
81 0.4497623436225441 0.12911108369289212 0.8364284584527328 0.25822216738578424
81 0.8131002593975887 0.25445673425756465 0.29608021091190373 0.2837886247413499