40 0.18695307295901076 0.44958794132999746 0.2162694061161332 0.16208813417512502
22 0.6601794292540718 0.511410295424106 0.6796411414918564 0.3623467934389631
75 0.8423205160983518 0.2545701197817567 0.3153589678032964 0.26966224086060275
62 0.5031675008010926 0.6005416978738021 0.5176366536453778 0.20460185320064012
83 0.44308843278763166 0.7711321858827366 0.8861768655752633 0.26996896737221987
83 0.3510410518011082 0.21125056726 0.7020821036022163 0.32187734529315465
62 0.5281774013781881 0.3848182795209918 0.3515186038007858 0.12928742963932022
83 0.04900496532981685 0.47759923553419825 0.0980099306596337 0.3555351914157969
86 0.6211349928466409 0.5089075026556062 0.7577300143067183 0.3326816555600046
50 0.4695842889650885 0.5079351480166271 0.7635963555026088 0.38606063328370305
31 0.8915691513021895 0.808036203329663 0.216861697395621 0.2773949093561623