20 0.7806278943886451 0.6479732842008292 0.082817104709208 0.1761860893597419
39 0.46060624285800217 0.4672194073391678 0.10531063932158535 0.0809150928911408
32 0.2642990316954351 0.441117764471058 0.046009502616226605 0.054813450023030785
32 0.6477115534973237 0.3686857055120528 0.04805436939916996 0.06133886074005834
81 0.753533409514645 0.27276216797174885 0.18812774403079335 0.34976201443267313
81 0.9334816864136646 0.18336404114847224 0.11246767306188732 0.31191463227391364
81 0.302640283875624 0.2172961768770152 0.03271786852709446 0.184016582220175
81 0.34046953593624096 0.22447412866574545 0.038852468875924695 0.1670505143559036
34 0.2775892947928541 0.5898971288192845 0.2504961809105672 0.6916935360049132
34 0.5909570991846109 0.48614309841854764 0.16153664161416736 0.7112697681559956
34 0.47185301016419084 0.28385536619069557 0.1278041739339627 0.21794871794871798
54 0.14416310819751016 0.16916369689770253 0.2801467492632467 0.1367225064041957
37 0.90536300544456 0.6512359895593429 0.17892936891481026 0.6107784431137725
74 0.5372836549634449 0.059381237524950094 0.5429109557357201 0.11876247504990016
73 0.48770072773200224 0.8000153539075695 0.05112166957358516 0.12789805005373878
73 0.5986339672828457 0.7947950253339472 0.10735668124028352 0.0626439428834642
73 0.244820503716411 0.8992015968063873 0.10940037288747217 0.07308460003070782
73 0.3675433580065631 0.8274220789190854 0.0582785074579279 0.13833870720098218
37 0.08946468445740507 0.6930733674351703 0.17892936891481015 0.6107784431137725
12 0.08497592691658781 0.31068126904086557 0.16024031932842275 0.134809328710999