86 0.2873956125161409 0.6468644714546942 0.33763284719327435 0.40473627326969625
51 0.18356795031730347 0.6918082477148858 0.1102822510190678 0.14810567016255183
81 0.445031808867219 0.8292744366455695 0.1685293995784526 0.2417363341542188
12 0.250856884360256 0.19832858392743422 0.2375315419050612 0.3015550207065451
12 0.46585608193112094 0.40940941183349594 0.25953414387120916 0.38022018793695966
12 0.587905078419277 0.6547854118084493 0.14589958277394988 0.20378468671664074
12 0.6394865796603939 0.5131009352599724 0.12732370825876516 0.15516732876252165
58 0.7355818170060873 0.7843307169482658 0.39860861929595404 0.43133856610346843
58 0.41413643179238196 0.8976753883976747 0.32887649720549705 0.20464922320465062
81 0.1431432143594944 0.3714070431075423 0.2862864287189888 0.5261531710044237
81 0.6411144386880876 0.4648970578519114 0.7177711226238249 0.9297941157038228