52 0.49982922873171554 0.19889554864782005 0.23909888673028884 0.2446319908949911
32 0.4176096274426081 0.35674959657205907 0.07928091122009617 0.06242225081191921
76 0.8078506633912235 0.570912385307872 0.11534726950135143 0.32948560549083555
8 0.1953636359389844 0.5308012934414155 0.2537091206078918 0.19134837924400305
22 0.359384861128506 0.6160594034138541 0.44859199593104604 0.3693656968508859
22 0.642570087362003 0.4617626109103011 0.2311854541576045 0.16624980965354708
44 0.8823836995857934 0.49817784762712236 0.1809104302897765 0.2199578901024628
50 0.8645944401560737 0.5499739331196385 0.2369855632741934 0.44821127538107186
43 0.13741775959850033 0.7600143018726515 0.27483551919700067 0.3905397732920938
34 0.09893962238194562 0.3642402973678964 0.17410357243013713 0.234579006054766
34 0.37538618808712587 0.6354465206565403 0.47409419088222576 0.6608730984186356
34 0.6553569883011947 0.4365714844927167 0.2726334526381097 0.3332427526730134
86 0.3980477730877716 0.25046560848337196 0.16834988534972972 0.18309017132542432
83 0.5400285618258917 0.09237010441577959 0.9199428763482167 0.18474020883155917
63 0.33302825096631805 0.24748391236931874 0.10439187991887966 0.09396765988997718
39 0.8672471906852233 0.438571371507402 0.13973585487001516 0.055538009089142915
34 0.5738770509482911 0.3723081060516904 0.10174877130498294 0.15436558155712704
34 0.7315867800517717 0.31526629845502263 0.09941075905524122 0.1349648191278276
34 0.8121824719650926 0.28326566498033484 0.09510134671473014 0.12687807136968043
34 0.7951543520702825 0.45805598827716815 0.08063461114968873 0.1305916833337476
34 0.27435763224811105 0.3585865426086029 0.1436767688448925 0.15714366437034166
19 0.8458036519812713 0.27924493211108137 0.30839269603745734 0.2339099183106701
31 0.6892461625229899 0.8687275048823042 0.4954266311266832 0.26254499023539146
68 0.5 0.5 1.0 1.0
83 0.18686688182275832 0.18663386276158023 0.2738332156872845 0.19778521398727367
83 0.6985807512458635 0.1989956064183684 0.20624761226918198 0.1043218350258931
83 0.8579615576694346 0.20048584802460523 0.1213678716668003 0.07182223052272985
34 0.4890022111289399 0.34817756761622 0.0964819028302023 0.10528045838915207