38 0.4307169176950911 0.3606272495127916 0.49673939028911474 0.4035864486350288
38 0.4919768445213558 0.15791656043857272 0.2280137739441923 0.16595401474078786
86 0.5133581565316482 0.49304112338442413 0.8525962915806529 0.6786740901209539
28 0.4850873814505519 0.2876928254587112 0.24495516633894432 0.18438279162129606
22 0.7482544431393698 0.3783276397638823 0.5034911137212604 0.5267953834617545
28 0.8170967289681773 0.2815851029045498 0.310328600464308 0.23777375202582018
32 0.39730318927376984 0.5977486223077988 0.09431700493065204 0.07142447571762123
32 0.28430833144664236 0.4271451290521657 0.082551073616072 0.06026630821866186
32 0.3017833820917189 0.5296260284092922 0.07428253507777483 0.05527413456764951
32 0.47490684469190414 0.5700374474542464 0.11033580919406072 0.080806311327552
32 0.2854344906873846 0.626093512040699 0.08042653456709908 0.05695639431055177
32 0.32334368031884375 0.770929879463297 0.10188530594351602 0.07686268254009399
81 0.561126973770329 0.1002134325830541 0.3217674283130827 0.2004268651661082
57 0.45224418000604033 0.4324037164700019 0.4006693654357504 0.3099626498716913
86 0.12003883608138985 0.35039555806586653 0.15278652692993916 0.1209162432342768
50 0.06881252246517802 0.3497639604393985 0.13762504493035604 0.11655778446261206
86 0.6601328854942723 0.37354684118369935 0.6797342290114555 0.7145425752082158
42 0.15069781309727515 0.48726229696264245 0.3013956261945503 0.2693282142410067
32 0.3899477987403187 0.6477667172139754 0.09431700493065187 0.07142447571762112
32 0.31487513133556044 0.48708311414769245 0.09431700493065187 0.07142447571762106
32 0.36535925711709005 0.4675415949632099 0.09431700493065187 0.071424475717621
37 0.9767963550842076 0.6786092027037218 0.04640728983158482 0.23544053080035
71 0.5230211650427936 0.8812623879675037 0.3944040326260527 0.23747522406499277
74 0.09748804206653483 0.22878832561951082 0.19497608413306966 0.1300147392965993
74 0.1711832660881559 0.2830933977767127 0.16511623471057107 0.120536435714027
47 0.5 0.5 1.0 1.0