33 0.820563625007587 0.8366137943273169 0.10777922642329418 0.07842291517581435
33 0.9386686551073439 0.7849905075596422 0.08692779682548246 0.05881718638186062
33 0.89349055764542 0.8503429368728208 0.09387827335808663 0.06665947789944227
33 0.8570005558492511 0.7902187019046962 0.09387827335808696 0.06665947789944171
33 0.9577824655720043 0.8333513052513942 0.07302684376027568 0.061431283554388205
28 0.5971494358120661 0.559524626429176 0.09563100222283105 0.20912777380217168
28 0.5633467360884619 0.7960002715050312 0.25018738377085437 0.2871120156784729
74 0.09732508743068687 0.2747676682644994 0.1807431779035293 0.5388632848221566
71 0.8827857973518732 0.27738689782676307 0.23298547537199776 0.5467158411192112
71 0.8231203824424165 0.6091924727071917 0.3181225554106911 0.12809076145383003
71 0.21555845284658842 0.6431757359500446 0.41025641025641024 0.08887930386592258
39 0.7283789656671013 0.2948472877108024 0.12516297262059983 0.15815287893789226
39 0.24337546870859575 0.34124751252315927 0.08344198174706646 0.13593305297141156
4 0.49497798245000746 0.45188388432739124 0.08996756374613452 0.09877119230691811
57 0.3928522659214547 0.5961219868445558 0.4102564102564103 0.26663791159776895
50 0.5397653194263363 0.6778125234860294 0.47457627118644047 0.5607238435070727
2 0.8603839441535774 0.8838719836239817 0.2443280977312391 0.09054048734401443
3 0.5 0.7854584104239658 1.0 0.42383445524806707
25 0.48865619546247796 0.23303021952787734 0.5235602094240834 0.33198178692805314