65 0.29580759075691365 0.34106081549537126 0.07665445873434978 0.06540707181260436
40 0.7596653410468248 0.13306632713128944 0.19458439524873394 0.15174440660524216
40 0.22898062673209593 0.13045004425878526 0.16313641217823144 0.16482582096776305
9 0.5355984616694948 0.42085744310674866 0.07075796190863048 0.329651641935526
79 0.610775658005827 0.8484376430779696 0.5631217232393608 0.3031247138440608
44 0.8741431016465215 0.6157705171083098 0.22900573226480037 0.7168615070661437
44 0.2361243069620453 0.6510903358871163 0.3686030648459953 0.6828498297235897
39 0.4722111207930133 0.5948402541282765 0.10318869445008633 0.14127927511522553
39 0.5887060779118274 0.6262356485983263 0.10417177425699553 0.11511644639018359
55 0.265833731892841 0.30116250168968267 0.05208572196051964 0.03531981877880641
55 0.7468895979244332 0.3103194917434473 0.05306847143147286 0.02747097016129385
50 0.29580759075691365 0.41889523095237063 0.44616825981275343 0.7364836286099253
50 0.8127341428142542 0.4751453127112104 0.3380658180079015 0.8123558319125463
68 0.5012182122734886 0.2618455867072467 0.9975635754530227 0.5236911734144934
85 0.31978072179077205 0.15457211212151936 0.6371250190345669 0.3064872705979426