14 0.6356724553761788 0.7581885663866973 0.4875462903669813 0.4836228672266054
39 0.5289422900595979 0.7664875833843505 0.32100303887498255 0.25880335539770716
80 0.5596996357804879 0.44056264775199566 0.5690474149002702 0.3243545977108738
28 0.2536338589178323 0.791588885872422 0.5072677178356646 0.39704594918308833
86 0.5247613325759615 0.49795529515969805 0.9108676960439513 0.936086727729392
28 0.4602086944419243 0.6043201711654225 0.19104889785933332 0.17180457062901056
14 0.11847150204978993 0.4982672873874194 0.23694300409957986 0.25127302379049865
32 0.2934917585826713 0.07630044594270596 0.2263227148918539 0.1524202958972175
83 0.3825919683332646 0.15043561751797654 0.5517040200864585 0.3008712350359531
83 0.8759078133160327 0.33933774856724735 0.24818437336793453 0.5132399977976311
83 0.8073560114946331 0.7883706172598857 0.33715027631113936 0.4232587654802288