32 0.3460476996775046 0.5989058992728399 0.09472961633694699 0.08825387438003296
32 0.37025142249009396 0.5271172999637093 0.06105487155421385 0.050054436215541065
32 0.2939570788417146 0.5376550760090866 0.04106049183946614 0.03688221615882015
32 0.6959493446855891 0.6825494966330192 0.08946793746464532 0.07112998830629536
32 0.6822689796176038 0.7793653140499199 0.10840998140493219 0.1198672025161639
59 0.580669371916398 0.5399491552844432 0.15785536218799134 0.1494095293267848
39 0.34289711236728526 0.7984650331321657 0.1599965629094971 0.11591553649914654
58 0.7182773797132233 0.1180679766270306 0.5303905849758788 0.23041006984164983
62 0.1360758419710666 0.6180056183550852 0.2641955620642912 0.5558676863936345
86 0.7321110180232433 0.6173470073522493 0.5357779639535133 0.7653059852955013
50 0.26394706880625546 0.5712442371537253 0.3578870486133487 0.8469737496471728
22 0.7418252561845895 0.7457761529052809 0.44208920932494966 0.5084476941894376
58 0.8454809745974265 0.35341263958531677 0.303021840496868 0.23041006984164963
40 0.3119407780198019 0.11705732628299616 0.3662886629588315 0.21569759701042876