39 0.5032289022042216 0.7084676704680017 0.1518779039955261 0.13877612214665958
55 0.48150391815189497 0.326932195224037 0.06875088333765939 0.054328827946799385
79 0.2934337493208929 0.7544747342940248 0.5868674986417858 0.4910505314119503
50 0.3212008889854877 0.36278658791965473 0.6424017779709754 0.6056487783750665
86 0.7285120847002587 0.4475234172494837 0.5429758305994825 0.5202682620870164
22 0.637431779182014 0.7065455444755202 0.6254270723423245 0.5869089110489597
66 0.499478877029364 0.7295363599545224 0.043162063184997324 0.03095296853233709
58 0.5476204669087745 0.11155382419496016 0.616052928735249 0.2231076483899203
58 0.9910267532469079 0.2671379519123595 0.017946493506184158 0.22622244077633769
40 0.844180131529864 0.22777499846700894 0.3116397369402718 0.33442313511632926
37 0.26712286910909266 0.1753360459473952 0.2894673737095417 0.2391121244730673
37 0.9021015846058722 0.5012370167298319 0.1957968307882555 0.22547929381485826
37 0.6138809472948966 0.3224801075221325 0.2918438273645596 0.23870938249563284