62 0.4277846066449746 0.6175749614006225 0.8555692132899492 0.6800235672417285
38 0.7852225927763419 0.3286781821343051 0.42955481444731625 0.31328419915544375
12 0.5093276469191715 0.12039913088082238 0.09581034583785852 0.06955544632563115
12 0.4685847734384564 0.20187982209442012 0.10854127012730602 0.07898149268812504
39 0.2993117624854097 0.8584984451078478 0.35616697679862097 0.2765431597665484
50 0.6817478454914982 0.47632743740341255 0.6365043090170036 0.6654027792492196
85 0.45565103795368433 0.21709404982264632 0.6992363350963318 0.43418809964529265
48 0.5109698403723176 0.7245100788878025 0.8105117620278235 0.550979842224395
47 0.40118064389774244 0.19435669456962992 0.3123143100194316 0.2544520476499434
74 0.5136494174420594 0.05914601000456915 0.2693411312386129 0.1182920200091383
83 0.9099855962479841 0.23266121561687095 0.18002880750403183 0.255083933157977
83 0.883167142280573 0.5485614708032476 0.23366571543885395 0.4471427972699257