82 0.4976492782356607 0.2900381388288459 0.5023836980109689 0.3216091446020594
82 0.0889139226376876 0.6054871438973037 0.16863673414855396 0.11922521902074024
82 0.6494800242075175 0.16123110308735036 0.35540779176793413 0.25598348288237976
82 0.37331737809400944 0.4655315147166017 0.19760712518730789 0.13370232405378008
82 0.2303651983455585 0.5247836919704495 0.11483160380320928 0.08986881374473055
12 0.20652864853035002 0.35345875893965684 0.41305729706070005 0.43393536188609816
12 0.03590768799254096 0.40237111201274145 0.07181537598508192 0.360873298527171
22 0.8210824410768156 0.6056816711623108 0.3578351178463688 0.5003965317554729
44 0.7326223934289172 0.6364979849234224 0.5174970368767966 0.4591019465022595
44 0.43526192825937166 0.5945833731673409 0.21088472439092254 0.19263839537042277
44 0.1459461909973943 0.7160614675338866 0.16860492313339281 0.15305877634958376
12 0.4828398154434149 0.09470835237235051 0.4393625837070425 0.18941670474470101
50 0.44580035138096297 0.6099072724151254 0.31173471629230365 0.3017682528724656
50 0.7043036015443971 0.6146285168694108 0.5913927969112057 0.591186223222187
50 0.17088961416315496 0.7344015675191411 0.2990484423326485 0.2920538270734302
50 0.8377198789268117 0.4591054870410748 0.3245602421463767 0.6169029631213703
10 0.5952078967565377 0.4756593761408147 0.09324375940507001 0.06463179974828182
82 0.47211841073552485 0.42028968711842385 0.0503960084704142 0.0320751406701249
45 0.20349595404584084 0.15093402049045657 0.2240785259445946 0.19694782423048696
77 0.43849017375490235 0.8028118830139683 0.5361078300124541 0.39437623397206334
16 0.44692821324712345 0.39396726937026527 0.8938564264942469 0.7879345387405305