86 0.3498043332864954 0.46778779077869953 0.17873043668870375 0.45394022183736815
86 0.5088897393948026 0.4712977051778721 0.2007726160316285 0.48502599579696615
86 0.8365135333706134 0.5005054038567186 0.3269729332587732 0.737141248141252
0 0.7950654620659852 0.15785253995908743 0.2661543844758453 0.21963261508563758
81 0.15112575329375344 0.5333909379535964 0.3022515065875069 0.4706074439153679
33 0.19386325492572845 0.872952625757123 0.30985204123383375 0.2018031321080188
33 0.543302094344919 0.9067470205244229 0.32855119034783714 0.17204687180861833
33 0.5309508306796563 0.795018214964808 0.2813469913683877 0.11225461105327383
81 0.1501961938502353 0.13651072800722816 0.2547643001182234 0.19310152905351657
81 0.40954388783196743 0.10806038842044594 0.27746489824308995 0.18424155185257945
58 0.5 0.4909966450905737 1.0 0.9819932901811474