32 0.09341753585397655 0.5084745762711864 0.1566395045632334 0.1694915254237288
32 0.7803666883963496 0.6010430247718384 0.10002281616688402 0.10169491525423724
32 0.35574152542372883 0.5847457627118644 0.14909061277705343 0.1290743155149935
32 0.6331632985658411 0.4491525423728814 0.16796284224250346 0.08213820078226858
32 0.33970013037809654 0.4172099087353325 0.12455671447196875 0.11734028683181225
32 0.8247164276401565 0.4856584093872228 0.12078226857887864 0.12646675358539755
32 0.8700062167192147 0.6538461538461539 0.07548891786179923 0.06910039113428934
32 0.08586864406779662 0.08344198174706646 0.17173728813559325 0.13037809647979137
32 0.71997555410691 0.6779661016949153 0.12266949152542383 0.07301173402868333
24 0.40575248830241817 0.2744458930899609 0.060391134289439374 0.045632333767927025
24 0.6794002607561931 0.2737940026075619 0.04529335071707952 0.041720990873533204
86 0.5036141618726017 0.4895228229929623 0.9530933512246957 0.9555775886195622
62 0.4944442722752539 0.6482914325890634 0.9662561157440532 0.6707680020751279
14 0.21514430631563297 0.28031290743155124 0.30573011734028666 0.23728813559321993
14 0.8597829799837782 0.2425032594524119 0.26608908616303595 0.17470664928292035
83 0.8469868541016301 0.07853403141361257 0.2765690968621267 0.1492146596858639
83 0.2651105156162892 0.07984293193717273 0.20075459021908554 0.14921465968586378