86 0.5835404671964087 0.7544065774503639 0.4945351238141351 0.2881829312320784
86 0.6886727048475964 0.8338009920878794 0.6226545903048073 0.3323980158242412
86 0.8713193491444956 0.5070708276171688 0.2573613017110088 0.4029388543519443
81 0.7017019766264232 0.2582563330611892 0.3564017906709973 0.2176706307761373
81 0.554954255577523 0.45501719499336046 0.21664877276878136 0.15092982729086013
81 0.22085933023788776 0.7502501821751588 0.151283454013237 0.10570267004732792
81 0.39347721480932474 0.2795953254137413 0.22402938266853378 0.09317542294653047
81 0.4167779794880295 0.6624131042881989 0.1666692307062394 0.13388419190240675
12 0.5112393313816415 0.22080510219489236 0.1495950550207924 0.12405848223115046
58 0.20614443751238132 0.626490413016499 0.41228887502476264 0.3577226927534607
50 0.45194630742632724 0.5006298668354433 0.9038926148526545 0.5621241865050557
57 0.16123492239558446 0.4360242551256538 0.3224698447911689 0.2177157070549492
74 0.20579073226659156 0.15462841775353411 0.28576513223801825 0.271263855723546
50 0.6903992490392395 0.41505554217620505 0.16177704783056002 0.08848009734458928
37 0.8710822733301911 0.37236327241893885 0.257835453339618 0.2869991073778991
18 0.5 0.500906901643086 1.0 0.998186196713828