14 0.2980228365468192 0.7936409935570264 0.4043943852920768 0.40483168142952786
14 0.8933330260540394 0.5636229927447947 0.1961225988755566 0.31019570395249546
79 0.7423359809020622 0.6372287530047087 0.23430575971858525 0.26813526951825883
37 0.2711202238999428 0.3132319690034794 0.3297636618261568 0.11960936042236053
20 0.9132924055856225 0.319146717595794 0.17008862557349147 0.06834820595563451
81 0.4091011226356299 0.15353375701098707 0.8035819759237404 0.3049381496482158
40 0.37438915823287655 0.47687334672418147 0.16141063447280307 0.1340676347591292
40 0.6104305161715995 0.3257186604761434 0.11281388430894834 0.031545325825677484
73 0.5540210533128977 0.8718471138331849 0.13190546473046277 0.061776263075285054
37 0.9046144144849346 0.21662440866234212 0.1805022148943174 0.1340676347591294
86 0.6364668701387683 0.38815211783946346 0.15793943803252775 0.1879575663779951
50 0.3552985580852285 0.5655945756088996 0.36621122444904786 0.3115100925285653
60 0.45767588665705483 0.6293424215482893 0.11975627718949916 0.08412086886847314
77 0.8473385529074011 0.3710650663505548 0.24645494725954875 0.16429857200873688
77 0.6273184579244887 0.30594877156219435 0.25056396710213846 0.12592838368035353
77 0.7961342742591894 0.8843338053058496 0.3905212227782464 0.22607483508402304