32 0.21707953063885266 0.2588005215123859 0.060625814863103006 0.10039113428943935
32 0.6199401246809022 0.42764015645371556 0.06840215616885514 0.08083441981747103
32 0.5495328300811853 0.423728813559322 0.04108027565654704 0.04693611473272502
32 0.6605339476077262 0.5058670143415906 0.04199171715622252 0.052151238591916504
32 0.6145602204375883 0.5045632333767927 0.04199171715622252 0.052151238591916504
32 0.6742282493179801 0.4485006518904824 0.04199171715622252 0.052151238591916504
32 0.5715209864910762 0.4445893089960886 0.04199171715622252 0.052151238591916504
32 0.6693374272786038 0.39895697522816165 0.04199171715622252 0.052151238591916504
32 0.5666301644516998 0.38852672750977824 0.04199171715622252 0.052151238591916504
64 0.12304946878813788 0.6382810635259224 0.24427044487033672 0.2062373956108281
64 0.1270090006372867 0.774177244716917 0.2537468229410018 0.22362636447384854
64 0.07517424245499862 0.3665284899785524 0.1303484849099973 0.20158274538296994
13 0.9455671447196872 0.57496740547588 0.08213820078226841 0.349413298565841
57 0.42157515265335116 0.5439629980057233 0.7174546540051577 0.4035142846645841
28 0.37978195297547523 0.7126821786412736 0.5025206855202364 0.2551713839376316
28 0.8424131844919092 0.8222015711697109 0.19558966676732858 0.3431302480617828
5 0.4982145322274933 0.7855280312907431 0.9964290644549866 0.4185136897001298
86 0.6771512385919165 0.3559322033898305 0.39406779661016944 0.5971316818774447
86 0.43360872359069413 0.5022372893984568 0.8644272492115741 0.7009028214440924
68 0.5036363636363635 0.5002020202020202 0.9830303030303029 0.9810101010101009
29 0.16606060606060605 0.30535398428731747 0.07272727272727281 0.11635057647178884