67 0.5193019762040865 0.7460732984293195 0.42604712041884824 0.26963350785340323
67 0.35193062827225124 0.5621727748691099 0.19142670157068065 0.09554973821989521
67 0.6410340314136127 0.5366492146596858 0.16688481675392675 0.09424083769633507
67 0.6444698952879584 0.393979057591623 0.05595549738219907 0.09685863874345552
44 0.4986910994764399 0.4993455497382199 0.09424083769633518 0.18717277486910988
76 0.5525085010542712 0.6173547362120886 0.0523035244428155 0.1577080125000636
50 0.5050724864347683 0.512434554973822 0.10307691004231079 0.33376963350785327
74 0.49427356020942415 0.1969895287958115 0.4977094240837696 0.2526178010471204
54 0.39818181818181775 0.33694455667789014 0.12969696969696953 0.08240791755943305
54 0.3484848484848484 0.42425254565860604 0.2072727272727271 0.07917428833792517
54 0.6509090909090907 0.43071980410162203 0.2012121212121213 0.07917428833792517
71 0.3054545454545454 0.7014141414141415 0.11151515151515151 0.15515151515151515
71 0.6818181818181801 0.6682864197530861 0.13212121212121108 0.16324473012957896