81 0.520583664109343 0.23519236195884144 0.3452387301248701 0.4703847239176829
40 0.5160410492392786 0.5287917586197214 0.16898527316638345 0.09760885869502145
81 0.07449888386905079 0.5088113450272758 0.14899776773810158 0.9279755032596089
81 0.8612797793641487 0.17040360173737426 0.058145470336820604 0.30559479173905907
81 0.9285104794410971 0.4233513020179637 0.13264435420586973 0.8467026040359275
81 0.9276019564670823 0.25052298763549685 0.11992503256969367 0.4946423325219183
50 0.7363578704373854 0.5855021138701642 0.4951450208369833 0.30401579828143743
28 0.8444721043449117 0.589441497668479 0.13173583123185872 0.10719526435806992
28 0.7331780400283413 0.46377000871787455 0.10175457308943492 0.06076885442727331
86 0.19078982454269117 0.5047680926188934 0.2234966516071524 0.8079605654040208
52 0.6582248946722844 0.9312043406928343 0.3170745179304722 0.13759131861433138
32 0.21668272930205618 0.1967847993098113 0.02816421219439716 0.03516000096914193
84 0.7581624218136936 0.39279582512077593 0.12265060149172968 0.09118520456235468
84 0.32207139428754294 0.5192167880330092 0.1281017393358062 0.07516180384424426
84 0.6473226189841303 0.8866257907612085 0.5750950425501109 0.22404649776024643
57 0.2439384185224407 0.4097259321001577 0.12083355554370412 0.23996793571434638
57 0.7118277501390402 0.5442024298307404 0.13355287717988384 0.1247023662309899
28 0.14854350625109558 0.5093959633050364 0.09721195821937166 0.4561937941826777
47 0.6402628454152852 0.2225853185632217 0.7122570509323859 0.4140492502443434
37 0.8913250446950743 0.6695342342937077 0.21734991060985132 0.12805699123183012
37 0.41545627686704073 0.5279498392981753 0.18998180667932918 0.07916407298965744
74 0.29118161317110663 0.1128027399171384 0.11174832580357594 0.15198455252652915
74 0.8181249380985394 0.17924053343879534 0.11174832580357597 0.09915449984665742
37 0.0154448905582178 0.35614974068925564 0.0308897811164356 0.09762029377135811
84 0.31253190306040823 0.6567883797589782 0.08176706766115333 0.052798606219943256
67 0.4260972748120103 0.6787346735584692 0.15626595153020384 0.2400927686310319
67 0.47561177689570905 0.41938714222091694 0.13173583123185806 0.099212628151374
67 0.8181249380985395 0.7931997876981917 0.2334904043212933 0.1744554304530097
67 0.3543239598649979 0.6018909605695651 0.18715573264663965 0.1248271991476757
39 0.09448638929733261 0.29843357518261493 0.038157964908538164 0.12320532415378802
67 0.598416645606935 0.7553441690584978 0.2334904043212933 0.1744554304530097
58 0.5003905003885546 0.5036900369003691 0.9911836354455995 0.9863491745564638