22 0.6913368087008253 0.4877699449030975 0.6173263825983495 0.6048071153084055
20 0.8851021965694035 0.783125295502408 0.22979560686119305 0.20883260252762925
85 0.17680975091247053 0.41517571514933493 0.35361950182494106 0.3926648917865765
6 0.5313057906510676 0.28602454794056015 0.08858774298286676 0.062393999000131206
64 0.6610667891221069 0.25788052989836135 0.15120257554799055 0.1100943382011117
5 0.7258231215335664 0.31169755618866646 0.409361658434266 0.309758878771813
73 0.7066610197760498 0.8908484202606699 0.13011261804950003 0.0914652682209155
73 0.7555066033593489 0.9541532018128551 0.12299381392045061 0.08985756649106935
73 0.7753768066893773 0.8163598475669294 0.1732829251090815 0.12769837892558333
52 0.3475714849562977 0.316139780183875 0.21092775889941207 0.15196718440067292
62 0.457006099524773 0.5608048518023435 0.7372513513307648 0.5435435170250891
40 0.12875105206869197 0.30277706888373745 0.25750210413738395 0.1946503337183051
28 0.36654308414270953 0.15648280177685833 0.12079381848412202 0.0858382752875641
28 0.4813933083247905 0.18927507081755413 0.13278294580192063 0.09700721240028365
68 0.5 0.49840245931057664 1.0 0.9968049186211533