80 0.3936398131490859 0.43586387434554985 0.5120639103939575 0.2120418848167543
80 0.747845222513089 0.4515706806282722 0.1863318062827224 0.18848167539267013
39 0.480098167539267 0.6289267015706805 0.1745811518324608 0.12434554973821987
86 0.3785389397905759 0.18848167539267016 0.3306969895287958 0.28534031413612565
86 0.7394518979057593 0.17408376963350786 0.317267670157068 0.2905759162303665
24 0.8099215248047378 0.2048429319371728 0.04532395287958124 0.048429319371727786
28 0.3970042539267017 0.8396596858638743 0.4985634816753928 0.29450261780104714
28 0.8326178010471199 0.6276178010471211 0.322303664921466 0.7342931937172794
39 0.9299749287185637 0.480366492146597 0.11079941404171267 0.1596858638743457
32 0.9434096858638745 0.4123036649214661 0.1007198952879581 0.15968586387434563
33 0.2736449698738306 0.5667539267015707 0.0738612565445026 0.03664921465968585
33 0.5608397267187364 0.5641361256544504 0.0738612565445026 0.03664921465968585
33 0.5020571741481419 0.5589005235602094 0.07386125654450265 0.03664921465968585
33 0.429838609561411 0.5602094240837696 0.0738612565445026 0.03664921465968585
33 0.3509020389666124 0.5706806282722512 0.0738612565445026 0.03664921465968585
33 0.6515328078276541 0.5484293193717278 0.0738612565445026 0.03664921465968585
58 0.13513252617801053 0.15772251308900523 0.2534784031413613 0.299738219895288
58 0.9211265912368033 0.10078534031413611 0.15774681752639252 0.20157068062827221