39 0.43748513391772514 0.3627212223063868 0.211194931477857 0.13531449952756408
38 0.7622500545405113 0.40249887511758925 0.2724472298165823 0.27209472744702945
64 0.7490331032739327 0.48409669489939894 0.5019337934521346 0.6522955777012168
22 0.396352784973127 0.6680536952451971 0.792705569946254 0.6638926095096058
86 0.4914661567819003 0.5104596888959583 0.9829323135638006 0.6964723399758322
5 0.7010299807055606 0.4416321567537902 0.5979400385888789 0.8832643135075804
28 0.9212667674425661 0.798825887936832 0.15746646511486784 0.22940912599094976
28 0.4010490088541932 0.9538951216801492 0.28726063051963024 0.09220975663970143
39 0.840279329034445 0.6958938609411468 0.26960340383085335 0.17020210375691014
83 0.31177343595665025 0.24787422148141974 0.6235468719133005 0.4957484429628395
29 0.6170488825443377 0.4680598101343641 0.29689073145146105 0.21348733138021048