27 0.6956321019001352 0.2336387434554974 0.2518125255747097 0.05890052356020939
44 0.6819029493147295 0.6656986256544503 0.6141740511813447 0.5905595549738216
85 0.43517416388625924 0.1858638743455497 0.14007071735093224 0.1884816753926702
85 0.3942439853529046 0.44698952879581155 0.08341289909662258 0.1740837696335078
86 0.22427053058997573 0.4404450261780105 0.34152073781069986 0.6217277486910995
50 0.7121756824747776 0.45222513089005223 0.41076918234374504 0.7238219895287956
12 0.4155298532584799 0.2945026178010472 0.8310597065169598 0.5130890052356024
74 0.7412939246369586 0.05104712041884816 0.49726104146005534 0.09424083769633505
12 0.9301552539320745 0.3462041884816752 0.138447543656937 0.1452879581151833
74 0.9183563795809715 0.18128272251308897 0.1494546660804098 0.15837696335078533
81 0.07399605342771035 0.21531413612565445 0.1479921068554207 0.08246073298429318