33 0.6475102268823529 0.3637861255975663 0.0804083209564187 0.11248370273793995
76 0.9043109896551607 0.5452330508474574 0.11559358593836 0.2584446979574101
81 0.6582646359352207 0.10935870273794004 0.6834707281295586 0.21425467188179054
76 0.05297117239260412 0.4668961864406771 0.08740398620364855 0.07231095176010421
76 0.12163739700165832 0.443648714770596 0.14573893302126567 0.15268459441625049
76 0.18616716993949584 0.44212299000434574 0.038199630651591876 0.10311006084311158
71 0.11832296458792266 0.20175602998696218 0.18795445023562862 0.12855280312907433
20 0.5304110353861935 0.7025763255106476 0.27439686527323526 0.22496740547588
28 0.3394458472180739 0.5733539765319426 0.15579112185306115 0.2986174489352456
28 0.7656099482870927 0.569336701434159 0.12764820951831468 0.3387901999130813
80 0.33944584721807397 0.319596099521947 0.1517707058052402 0.14997827031725336
86 0.341958607247962 0.5023821164710994 0.1547860178411058 0.7994377444589307
86 0.7590704631012803 0.5224684919600174 0.20304236680954324 0.8047941112559756
50 0.12887592580264232 0.3483865710560625 0.08643894502815008 0.17809919600173835
50 0.018817667404354563 0.21849467622772709 0.025127600298880826 0.12185734463276837
76 0.7886520508396022 0.26830122534400697 0.4082896969548572 0.11717367357561104
3 0.49696611057704776 0.5565141076115486 0.9939322211540955 0.7731430446194225