22 0.3365649445893089 0.6029986962190351 0.43843709256844854 0.7444589308996088
22 0.78273916232073 0.607561929595828 0.4152257170795307 0.7222946544980446
39 0.5325261260248919 0.526727509778357 0.12121496088657108 0.10691003911342889
39 0.3094097866339332 0.5371577574967408 0.13416707158067456 0.08604954367666257
86 0.28047078715775753 0.20925684485006524 0.2617727346805737 0.3507170795306389
86 0.7485668595176009 0.18448500651890487 0.20245477509778342 0.30378096479791394
14 0.10639196647894947 0.6610169491525417 0.14057076477015434 0.3494132985658403
39 0.7143610390455208 0.5384615384615384 0.11605687744458926 0.08083441981747064
31 0.051783376963350766 0.8324607329842931 0.09579924738219894 0.33507853403141374
74 0.11521801374345549 0.12303664921465968 0.20972267670157066 0.22774869109947637
74 0.5383073515259984 0.1158376963350785 0.253713617021468 0.2185863874345549
74 0.8915287252710573 0.12958115183246072 0.20195956958629424 0.25130890052356014
17 0.2859931719918481 0.22578534031413613 0.0932100785340314 0.0772251308900524