28 0.6171705229972416 0.46072928160430104 0.20726228677588243 0.22938157690114552
40 0.2923429555900138 0.6979753697134861 0.21523391319033952 0.2372460881091849
74 0.8724262823417431 0.20513266734302454 0.2514795856678549 0.3866718010619312
81 0.12194133649004715 0.6101549945570472 0.22519844620841079 0.18481601338892284
67 0.7726172380791533 0.9371875856246806 0.13551764904576924 0.06815909713634039
67 0.9200930021208538 0.9004865333204974 0.1315318358385409 0.09699563823248447
32 0.8493441423183021 0.8657516088183239 0.07373754433372737 0.0642268415323205
11 0.49761233576228203 0.3748750342498723 0.5022124641107921 0.6317824003791553
39 0.32117188854360906 0.5727985663188608 0.07771660379849943 0.07078060087235338
78 0.5055454658447365 0.5603464235727982 0.4782989356159125 0.7117382643275543
73 0.43681213768302884 0.9365322096906776 0.16939638593296596 0.061605337796307835
73 0.5773167808575532 0.9600739056702976 0.12355683255285577 0.0798521886594048
54 0.4976001790258595 0.7012522493835008 0.980501944487264 0.5741093181868651
74 0.12733180255788762 0.203821915475018 0.2514795856678549 0.3866718010619312