79 0.11696188074704242 0.7451108213820078 0.21190740747111214 0.4915254237288134
28 0.8887126709684658 0.8191920632333752 0.184031127425216 0.2746292372881356
63 0.31511199591940636 0.19621903520208606 0.07154729264344128 0.10039113428943941
63 0.2566281265802754 0.24837027379400262 0.05641690718386749 0.05867014341590615
63 0.3694582131735979 0.24250325945241202 0.039904641666637986 0.052151238591916504
64 0.7665430427235407 0.4598786576434433 0.22956413327296454 0.2814007394580852
28 0.6529224989937839 0.6584093872229464 0.2958447571836955 0.07561929595827899
85 0.8097890214074641 0.08735332464146023 0.37014995201122824 0.16427640156453716
86 0.4741100636078459 0.46828082657740255 0.5770027082333482 0.5850847040090759
5 0.6784500023162856 0.6212516297262048 0.4979852773517015 0.5280312907431537
68 0.502762850709362 0.4829842931937173 0.9944742985812761 0.955497382198953