76 0.8137448942308844 0.8094758403588189 0.2984812431899897 0.21649261070651105
39 0.8072562358276645 0.7959183673469389 0.09433106575963723 0.1360544217687074
7 0.853968253968254 0.18095238095238095 0.22585034013605443 0.09523809523809523
57 0.2330991716414456 0.6884353741496598 0.4589569160997732 0.4462585034013604
40 0.8539374458432603 0.2771967423358249 0.21774756690585495 0.20842739500434043
4 0.8009070294784582 0.40748299319727893 0.07256235827664381 0.08843537414965985
62 0.7936507936507937 0.6054421768707483 0.41179138321995445 0.4136054421768708
4 0.26213151927437645 0.3537414965986395 0.10521541950113378 0.054421768707483
86 0.4666666666666666 0.1727891156462585 0.2566893424036282 0.3183673469387755
86 0.13696145124716555 0.5666666666666667 0.21224489795918372 0.6625850340136055
50 0.29478458049886624 0.46190476190476204 0.22312925170068026 0.6190476190476191
50 0.8240362811791384 0.5564625850340137 0.27664399092970526 0.6802721088435375
81 0.7138321995464851 0.15578231292517003 0.11972789115646265 0.30884353741496595
37 0.5800000000000001 0.3681818181818181 0.3866666666666666 0.07090909090909081
37 0.9606060606060598 0.4509090909090907 0.06424242424242488 0.20727272727272722
58 0.5042424242424243 0.28 0.9915151515151515 0.541818181818182