7 0.3061268530946045 0.4401548988949905 0.612253706189209 0.5700730391013216
7 0.8000578986351348 0.7521446722053066 0.33243311427360833 0.16445697768879497
7 0.8772430534547944 0.21488956977940793 0.24551389309041116 0.2698924180267742
28 0.6443768544840629 0.6657055018586147 0.2359884398607407 0.209081504879001
28 0.47653566796376623 0.27467650617396844 0.30919481356573925 0.188904926564274
80 0.6011731532922482 0.3875213620562705 0.24570684636061768 0.21244241514362344
80 0.8366309763967998 0.5950737135216624 0.3267380472064003 0.2996651717145552
50 0.5 0.679764967217234 1.0 0.640470065565532
86 0.5020358700433238 0.3878769207657565 0.5922437845425318 0.4697906184333102
71 0.759686668454252 0.094371093091701 0.3370441994723634 0.188742186183402
3 0.7835030380299662 0.3623439977017049 0.4329939239400675 0.7246879954034098
74 0.9205812961006081 0.3150207229465637 0.15883740779878375 0.6300414458931274