66 0.23007749228773633 0.9288667053069749 0.0662952234372165 0.02756235539822649
66 0.33044109443574454 0.9839914161034282 0.060770621484115106 0.030187341626629283
39 0.29913501670150333 0.933460431206679 0.29280390351437247 0.12862432519172384
6 0.4823829727633859 0.9183667603933645 0.43823173590784725 0.11943687339231468
40 0.6094334930673638 0.14596456268591657 0.5782416710912768 0.27299856775386444
28 0.8534242592707562 0.47146285500783164 0.2891344574277309 0.5643720391065469
28 0.1621035876308338 0.5006714187117135 0.29093316569872635 0.357860753632455
86 0.49434102451494155 0.45768167730871856 0.8599963706994469 0.8990577832278708
44 0.49434102451494166 0.6847429860655385 0.9852320332048214 0.38193549623256995
72 0.5102347166323591 0.58302476971494 0.3647122711382901 0.2309987880994241
29 0.4296222759397137 0.3599009403007237 0.25237983324873664 0.16537413238936016