53 0.9231863018238105 0.12569387292898815 0.11105460237085207 0.13402567636357188
43 0.724879055684279 0.8859426780265103 0.3480456246039164 0.22811464394697945
49 0.44277036178055684 0.4358550173854323 0.6419704693471144 0.4482073841413734
76 0.48272460516206567 0.8943729402985606 0.3303464005459805 0.21125411940287875
39 0.5588455173375162 0.7890113264577308 0.11671090162791586 0.1616870612501834
86 0.4907756526875011 0.7802134321494025 0.7168587286887853 0.43957313570119505
54 0.1508015486795541 0.5270610068822306 0.3016030973591082 0.13820915731152456
54 0.8957926243193145 0.6064992825864599 0.1931145273827768 0.13735336988228253
74 0.4766749780667945 0.14630345783819948 0.8290157548892831 0.29260691567639896
3 0.12870340143051412 0.6692838677601622 0.25740680286102824 0.21505746569742223
71 0.43233439896844433 0.6229319288344403 0.12457523824197714 0.033802741160398275
71 0.9313583553828275 0.6833902923540411 0.07445852141332121 0.022913804175452412
28 0.8398918504311341 0.7306427286695742 0.10679887090473006 0.1310028887934922