39 0.6226289321739813 0.7912322271958594 0.19890665385759032 0.22793347633397043
39 0.8535027268301132 0.7791651608017081 0.17049141759222042 0.19575463261623316
36 0.19018455526038044 0.45067279784980996 0.34275878745102656 0.2332966169535931
36 0.8890217721618258 0.541846188383398 0.1918028447912481 0.30838058562831266
36 0.4796647747138381 0.10206865757432597 0.6375668637042412 0.16089421858868483
36 0.7496095192348539 0.31659428235923914 0.1758192743919773 0.2440228981928387
28 0.9556088129163185 0.8810648325745415 0.08878237416736234 0.20648091385547906
36 0.7662098086852619 0.9105621059824676 0.18825703592284504 0.16625735920830687
50 0.4334900157826117 0.5284383368343408 0.7086049543676662 0.8768734913083325
80 0.06815583541166513 0.7726788493716928 0.12085898781210884 0.45275015366910254
80 0.3703985873672784 0.7359011476717174 0.4705238858553598 0.3055533541040285
36 0.31581795870230417 0.713152551375297 0.24474691242541202 0.33021221825531144
80 0.6205864037378548 0.5317358961354768 0.2919342605840911 0.15931124972778854
29 0.5735469065449443 0.32400984213941486 0.16757809032164295 0.176332552368404