32 0.6690697139351177 0.21450886817052472 0.05705959045939113 0.04591932957778819
32 0.03037042717999847 0.772100727329381 0.05337832655878518 0.04067140619746945
32 0.9690927218344966 0.7051897042303181 0.05337832655878527 0.085278754930178
32 0.3193496433775596 0.5556238878912367 0.06442211826060285 0.03279952112699147
32 0.12884423652120558 0.8586914631046388 0.1325255004218115 0.08003083154985924
81 0.11780044481938798 0.13710199831082465 0.08835033361454096 0.07478290816954071
81 0.8728050324118961 0.4959287594401122 0.25438993517620767 0.9839856338097465
81 0.12608518876638122 0.047231310422867816 0.2485220499230774 0.08659073577525768
81 0.24667423955039428 0.09380663042319581 0.08835033361454098 0.07478290816954071
28 0.5335086205228408 0.4573860755007531 0.6620134644900426 0.69814066667379
86 0.6217438367240797 0.5583225500614487 0.523350841926443 0.8669875095216262
37 0.13853541879780745 0.39513978069742106 0.26597857328388874 0.44255655438111113
67 0.06098021672416463 0.21600974678125723 0.05913150600554361 0.05268530409298958
47 0.1846008298486772 0.35562580262767957 0.3510430987069948 0.7112516052553591
47 0.4907267268783843 0.057295268201126154 0.9814534537567686 0.11459053640225228
29 0.5924428416862705 0.2785735453916821 0.13490481310246705 0.11722480160690196