55 0.2673031114526316 0.5658082316024023 0.23285109312843988 0.1260632500086203
4 0.17372709201834483 0.6707185844902869 0.261610597119789 0.17415291506398334
32 0.47816031130526176 0.6067090556578381 0.27620898292913576 0.2687751552093196
32 0.7100037142369411 0.7073996478059053 0.2859926079016545 0.2796432326491519
32 0.48199499228076864 0.9167281111402394 0.20980095096363882 0.1665437777195211
32 0.8025519777394365 0.3213577950917741 0.29214758477862857 0.31876515620075846
32 0.567066522955829 0.19217663810533422 0.2594293951154558 0.2439861890930906
32 0.3497218203828394 0.05396953467547111 0.23594198532331007 0.10793906935094222
4 0.940052178881755 0.4382758730480377 0.11989564223649007 0.08637999699492838
55 0.9453681737013073 0.38652274771171846 0.07734759127766466 0.04748690409044559
44 0.868838738212107 0.5250432146662212 0.262322523575786 0.3301244407653442
44 0.2947377057847749 0.7562668201201341 0.5894754115695497 0.4874663597597316
50 0.34653900451784375 0.47900663123819615 0.6930780090356875 0.8311641853118891
50 0.8947194135323342 0.4202830022038327 0.2105611729353315 0.46278251367348877
63 0.8559545134161043 0.41949698232526644 0.2880909731677914 0.5941830994510768
83 0.6738742879990108 0.3576815272287186 0.6522514240019783 0.6474610614081113