39 0.5120153104484443 0.44174177226113953 0.19224646858620997 0.14312480411618284
50 0.8431336280429593 0.7540339241476732 0.10231736171329786 0.04602117469330391
86 0.7793741547710399 0.6925935027724881 0.25551761130308903 0.09750160104009953
69 0.8715083219924261 0.5690579180436883 0.25698335601514777 0.1796891170778636
69 0.8881453722006004 0.4296618055967032 0.22370925559879917 0.12496360643677862
22 0.47099795094239405 0.6623690019972022 0.9419959018847881 0.4798103276910926
30 0.31731525724226206 0.29388133130181104 0.10421570609383823 0.18555779405483325
30 0.34293487083148205 0.40460996572926705 0.05965131881178076 0.06867140895965484
79 0.1894463623143218 0.38456680180227365 0.3004253792233759 0.3063923703416678
76 0.45394315946624886 0.45985271824146007 0.9078863189324977 0.4407349276567717
68 0.5 0.5016248708002224 1.0 0.9179626358342476
20 0.5771733367297968 0.8113366369975797 0.08133341340578926 0.08708320777995682
13 0.6272480819973162 0.798634165268628 0.0668673664368653 0.06998551032417166
2 0.09678588700508572 0.30762136362086656 0.19357177401017145 0.22054625436038922