39 0.6096751412429378 0.3617992177314211 0.05705128205128207 0.0847457627118644
39 0.50620925684485 0.3624511082138201 0.053183398522381686 0.07822685788787481
15 0.21103477533326337 0.6138538926056516 0.11220625776489868 0.13868888591603346
39 0.09669708822251197 0.8904823989569752 0.14504563233376794 0.1382007822685789
39 0.3321544980443285 0.8324641460234682 0.11893741851368972 0.1473272490221642
7 0.7116956827829037 0.6916558018252933 0.5124814186687581 0.5514993481095176
71 0.8006508677893559 0.2229465449804433 0.3384398087787919 0.3807040417209908
71 0.22820512820512817 0.12777053455019555 0.38098652759669704 0.1486310299869622
40 0.2770371577574967 0.3833116036505867 0.22143633202955243 0.3598435462842242
40 0.5569752281616688 0.09061277705345501 0.11990438939591486 0.11342894393741851
50 0.5482764348948094 0.2985658409387223 0.1875923511516731 0.5371577574967406
50 0.25963723363967894 0.5482398956975227 0.37227940668648585 0.7131681877444591
7 0.4225483078490794 0.2000796179217442 0.19321407692180403 0.2458066318983036
76 0.5658549174371843 0.8303896314717585 0.8550726418914376 0.2933753898965762
76 0.3358480073942323 0.37385104472011743 0.6334636469109324 0.07033107370303432