86 0.5546889661460552 0.3574624317143754 0.8906220677078895 0.4241460563367944
86 0.254771373368376 0.7178477136659014 0.39922572021531144 0.21378369977341427
86 0.3175303447119521 0.5826560482050049 0.22612097520976993 0.18136283140668696
12 0.21834304316955588 0.11698464496606861 0.25835117659640816 0.16474165672971558
67 0.12647451433666237 0.43671964096639904 0.1261120829919788 0.11194094768946306
67 0.09938009038067605 0.5209291084932226 0.09888003240785354 0.07609937785596521
67 0.050914999130259486 0.6055341145156496 0.10182999826051897 0.09694989331878612
67 0.373946180966871 0.1361756419556244 0.1156686242170305 0.09433560835764049
74 0.0834238431430282 0.3546152894349791 0.1668476862860564 0.6950085735230629
47 0.13006285425423428 0.44961234032416864 0.26012570850846856 0.5791317807695486
2 0.7875509029562111 0.6280198861996253 0.4248981940875777 0.42773143839977384
2 0.4225824524596048 0.6280763849664084 0.12832365902835696 0.10682539028453297
46 0.5 0.5380020013245296 1.0 0.9158741966818418
54 0.02616423908583959 0.5652431628895066 0.05232847817167918 0.3153121511525769
71 0.02493217298950487 0.6026372733959338 0.04986434597900974 0.25477966659267226