39 0.8475259667649682 0.39846133406508905 0.1984831118535636 0.18651351721889597
40 0.2647303821497712 0.8805710968408779 0.41006078100557125 0.23885780631824427
33 0.83187960721523 0.9287356231755759 0.1739249195600452 0.09219731447226254
33 0.9331479157942215 0.9229541073307568 0.13370416841155697 0.08027556084982279
64 0.2865614647548167 0.5727273353633813 0.4719284912792588 0.31611189635946196
20 0.5943087023030091 0.1511239764298869 0.19963797959825652 0.12402568928891222
41 0.37703143200699996 0.1292588489968162 0.16144507773907146 0.11353947508853418
81 0.26792442392733246 0.09754336301725824 0.13816556709270467 0.16397679886704286
83 0.10881347200395444 0.20094464298305323 0.21762694400790888 0.3296189596908415
85 0.7667590888590383 0.08782175982615012 0.3077537515015841 0.17564351965230024
86 0.6279419217939894 0.5173141175207646 0.7441161564120211 0.6742221531659924
29 0.7598890101163426 0.347473178982103 0.13723643808275132 0.10240197652560334
31 0.21281204760017614 0.41733509768123095 0.42562409520035227 0.19363575750803486
21 0.4297510660217852 0.12233842318340407 0.5509041392232142 0.24467684636680814
37 0.5435713314155182 0.07167616688778125 0.18535535882856202 0.07093848813358244
22 0.7764094544412463 0.5092092603876583 0.44718109111750737 0.3209422310646852