50 0.7385164028049167 0.6680615057045398 0.3182854173152042 0.2861908790848605
63 0.3314269409001689 0.5594199975968668 0.12626640442239873 0.08984720770621613
63 0.5368432793884823 0.4638982446655203 0.2292211483256653 0.2095418654526366
63 0.8588914403416126 0.279549595914208 0.1588434271255138 0.15047872567743736
12 0.5 0.47862008084974206 1.0 0.9572401616994841
31 0.623331285347494 0.8463811025587961 0.7533374293050119 0.3072377948824079
31 0.5702374334367778 0.782219693390081 0.3087180611637363 0.19802470810201167
21 0.4729234790703999 0.4592955043532889 0.9458469581407998 0.9185910087065778
21 0.35487697163497556 0.5624506503691649 0.41510897381971895 0.42814291704967133
83 0.7138362596060863 0.37903829109177106 0.5723274807878275 0.7580765821835421
83 0.1785742690680857 0.5567506024457745 0.3571485381361714 0.8160867338850698
83 0.5383723948051135 0.5136508379309238 0.35105721312435173 0.389843501510464