51 0.08877038239656235 0.8343747556500647 0.1775407647931247 0.15166658960042378
51 0.0852620949031889 0.6346664430731221 0.16714921366022412 0.10247948326298517
51 0.17685938884166524 0.707413514046281 0.18237178781658958 0.1329750152461776
51 0.046706796729416744 0.5754446250996272 0.09341359345883349 0.15871831663495228
51 0.07601722594542226 0.7096985136930171 0.15203445189084452 0.14621442738897605
51 0.01170922086579379 0.6560696017397196 0.02341844173158758 0.15430517925401943
8 0.25694908571297104 0.5831014750002175 0.4968818495519894 0.28434867245907747
8 0.529051343960568 0.6277488869302709 0.44469782147014036 0.26530105893111067
55 0.3831053332785388 0.27457050824734003 0.21537912439786672 0.12497203930014267
40 0.540139999657056 0.055453562979824816 0.36868546182831674 0.11090712595964963
14 0.9516120252206137 0.32299643049780147 0.09677594955877267 0.1881651262240816
50 0.4423029241484134 0.24478737340439222 0.7534353892291031 0.48957474680878443
83 0.8776298630230033 0.21387643361689362 0.24474027395399334 0.24410713712528287
79 0.6047300502232734 0.5712308567885223 0.7905398995534532 0.7256950248134446
45 0.7146236204509464 0.6985616866712577 0.5707527590981073 0.6028766266574845