7 0.5261652493463397 0.5309102047346789 0.9476695013073206 0.6298343236423178
71 0.24733777439707813 0.36436947870665876 0.49467554879415626 0.3921659676866779
74 0.7504951260279142 0.23068566706433197 0.49900974794417163 0.4087956334779175
71 0.15602949189344353 0.8645008584362299 0.2969665098699576 0.18314210172389167
7 0.1749028585357385 0.6331295276547779 0.349805717071477 0.4272773925954114
50 0.32129810403845305 0.6138656032292706 0.10607055596299025 0.06631827254125977
50 0.46811066340899804 0.37791334387000436 0.10607055596299031 0.06631827254125977
50 0.12094205667978686 0.6146662021210025 0.1060705559629902 0.06631827254125977
50 0.2069746532039344 0.5620751362502237 0.10607055596299014 0.06631827254125966
50 0.24065489572095689 0.5974181492299886 0.10607055596299031 0.06631827254125966
50 0.23091424710555652 0.6556243165886684 0.1060705559629902 0.06631827254125977
50 0.28292318802687366 0.697793681979711 0.10607055596299014 0.06631827254125966
50 0.3347487030380579 0.4775896883853046 0.10607055596299031 0.06631827254125972
50 0.3415045357083867 0.407102587657985 0.1060705559629902 0.06631827254125972
50 0.3913989127663823 0.43915749018266415 0.10607055596299031 0.06631827254125972
50 0.24683048470779415 0.43333066189532904 0.10607055596299025 0.06631827254125977
71 0.07747643588672185 0.7463267488540473 0.1549528717734437 0.4304294848445993
74 0.9179229945394407 0.5480002371063772 0.1641540109211187 0.4353772536346393