22 0.6474605130921338 0.6736083555354004 0.6833221289656672 0.6504851387865389
51 0.23860295116253796 0.888242115904238 0.18360733105171662 0.1685467566086578
51 0.13070998343111695 0.9395123575761011 0.194964485549761 0.12097528484779774
86 0.1543707219687092 0.542589587702889 0.3028574532811821 0.4516526368497628
32 0.7903713738591918 0.23248989097367875 0.08707151781833977 0.08690692137633921
32 0.5594425657322903 0.10739659505319046 0.18550019013472402 0.044770232224174686
32 0.47521033653846156 0.25224146401375586 0.12682155856149496 0.10797526595242149
86 0.633289329588233 0.5313970296468451 0.7002750951537382 0.9243736182756074
29 0.6480824126500486 0.25523263809849 0.1881196773838042 0.15202334205933674
80 0.14843269758465968 0.47797988276804004 0.19953063645287955 0.08196041050155545
83 0.49618663421684134 0.14617241444722665 0.9824508480584645 0.2749639578116701