73 0.17527339931573802 0.20454545454545453 0.06758614369501464 0.13343108504398826
40 0.7153470012539561 0.15687302951351892 0.19126278561068655 0.12777588265725942
0 0.7961588090574079 0.9406158357771262 0.0711788106856851 0.10117302052785937
0 0.8290525087346148 0.8834310850439877 0.08830418657968964 0.1539589442815249
22 0.610949819488367 0.6155470355542494 0.7028387078950693 0.5660075921275103
59 0.7074003684752248 0.2954545454545454 0.09191715542522005 0.05425219941348974
81 0.08065279814271747 0.37800557589639494 0.15229411045943297 0.7307923672687946
39 0.2509698802541545 0.9230205278592376 0.0531677663734115 0.08064516129032273
32 0.30053203720442223 0.9765395894428153 0.035144794721407635 0.04692082111436946
32 0.7037967892375672 0.8533724340175952 0.1333699902248292 0.2170087976539592
74 0.41227446144684654 0.10483870967741934 0.41362719941348974 0.19794721407624633
86 0.658751794993659 0.3533724340175952 0.55330522971652 0.565982404692082
58 0.15705500780143244 0.7360154320452088 0.2158055581575501 0.30182142092812025
74 0.29892555553935496 0.25375389705414536 0.18692938759850714 0.08157640539774502
74 0.8135417112370027 0.042708532162626614 0.25118063907548127 0.0736868590466602