15 0.6239856288526399 0.5075150994208226 0.07324818800718558 0.11788202407480303
39 0.6963373784726616 0.5468091074457571 0.1607887053816267 0.06549001337489058
51 0.7946004096680586 0.869019973250219 0.14292329367255718 0.06287041283989514
51 0.713312687397988 0.8375847668302714 0.18044065826160371 0.07334881497987755
51 0.8365840281905689 0.8205573633527996 0.12327134079258051 0.07072921444488178
32 0.9276963409873789 0.8821179759251965 0.1018348266177661 0.13098002674978104
67 0.3694035119983974 0.41255458002723133 0.6002778334247403 0.1218114248772964
57 0.6781471309512284 0.6731647974554102 0.643117901882302 0.653109725615078
80 0.773177804122629 0.491797496210849 0.20723907280661868 0.060250812304899426
32 0.7409953640923425 0.7498281489079184 0.12863155826812234 0.08644681765485496
32 0.34257460736191925 0.683683235399279 0.10361859596217643 0.07465861524737505
58 0.48947290763602413 0.4960912066427184 0.9726206713471093 0.9856984204171065
86 0.8820472918617379 0.19459712936239745 0.20446542788188904 0.3879083213683147
86 0.7457234371996937 0.3865788748531567 0.26903345773932774 0.27219329668895315
80 0.8674830449461561 0.20511667706052122 0.2435016550832816 0.16173804585865317
37 0.2139128167566735 0.700192890603472 0.10941891248723501 0.13938400700014053