40 0.9042950491135826 0.2889390380700807 0.1914099017728348 0.19425018058071136
40 0.6518016466295717 0.07640981795937601 0.2193917337385568 0.15281963591875203
40 0.6358046931450232 0.30539739319926196 0.17805496878456795 0.13575061898106422
76 0.2291355053077978 0.5279142913985766 0.4582710106155956 0.3757092260889485
7 0.5 0.611856789174766 1.0 0.7762864216504679
0 0.5888272862568349 0.32374156156118267 0.27913062100020525 0.21367619341235378
12 0.512967997701908 0.017609042569952438 0.08323463332296716 0.035218085139904876
12 0.7864389837734078 0.09606345509201433 0.08473623571420374 0.05335288921906428
44 0.68746122997914 0.5595893835388301 0.6250775400417198 0.5087700760631217
50 0.6919035844315377 0.5649186097986495 0.6161928311369247 0.8654849045183033
86 0.6241083837258458 0.1282109054483517 0.33762805526699635 0.2564218108967034
22 0.47871489915783494 0.29926002994365974 0.32047964382389765 0.30559024309375976
71 0.4168199730663963 0.13654612630882612 0.2709942670378728 0.27086329484823457
71 0.3317210905278061 0.2998458642313989 0.16139402922224333 0.12968676217231584
71 0.7936650437196124 0.206447278336989 0.22959873516407692 0.1838267735978868
71 0.9808209892338121 0.3389231188726497 0.038358021532375774 0.2492773223484403
58 0.9074694629766982 0.15290021244335197 0.18506107404660355 0.16590274093772145