82 0.34733588487613654 0.1337979764625711 0.43533996817831877 0.2675959529251422
11 0.3067864235318362 0.6305127505200134 0.18528678216616046 0.22683239075698858
40 0.3039591772881186 0.5790220304266191 0.13730869664194478 0.08339354740783478
37 0.5295875325977589 0.8169371982802097 0.9408249348044821 0.36612560343958056
74 0.24168429435328243 0.35732373490804226 0.48336858870656485 0.37552181884440067
74 0.7919359682253873 0.3016808708344442 0.4161280635492256 0.6033617416688885
22 0.5664601864733447 0.4797236830966125 0.48567691898285714 0.5792608516090043
86 0.528667504965719 0.2837198534915365 0.4207590730203644 0.37373031310710064
74 0.0911289143672408 0.14028038944271295 0.1822578287344816 0.20081230048245952
74 0.13459885495085433 0.6164702603329306 0.25911173561591816 0.19677877677703637
44 0.5781027142364943 0.31673860332486503 0.28403164638121814 0.226184429198315
40 0.5377426916117583 0.14028608900353765 0.14950021878792674 0.061345841571775195