81 0.46341890419694365 0.8948156821567306 0.17174472443534494 0.04594614412636744
74 0.18092914204250288 0.7195464460836571 0.36185828408500575 0.32258666115569634
74 0.2980551738863492 0.14867283096498077 0.5961103477726984 0.2492577136054907
22 0.688331022455424 0.5436117883653164 0.623337955089152 0.7501881333077534
86 0.4233049792821013 0.446885031133905 0.8251108261036402 0.6036560767651851
46 0.7999489795029042 0.17040815553199126 0.40010204099419144 0.140665966132198
46 0.7752643527578649 0.9078992381925521 0.44947129448427026 0.14066596613219806
18 0.8963692834155256 0.9416461431894756 0.05330715023783461 0.03936162446559388
18 0.8500322281064149 0.9215071552803855 0.04607836237392049 0.03343391047131028
81 0.4477548347472475 0.8697579834717593 0.13256760399080536 0.04256107004863108
81 0.49005512323431344 0.8086665142207634 0.10238606339421824 0.0896223314125405
29 0.3553682360311851 0.31755842965953995 0.23137475803976193 0.13807119459957506