22 0.38088448046958345 0.6095490205743899 0.7617689609391669 0.7279115375147328
40 0.7854144679236317 0.1825050083104061 0.304360816032324 0.16989538368605117
40 0.5386431133302019 0.19197046160153672 0.37260220004767564 0.27407337670368165
40 0.20695386004888985 0.19587185110517744 0.17971068853821542 0.11202558072771257
39 0.8368855869592002 0.34417221696594347 0.32622882608159953 0.19631625668601288
42 0.7001296185862048 0.3481669072130035 0.5997407628275904 0.31030350288552316
81 0.9450982208947635 0.21010257996075943 0.10980355821047305 0.2441832884992463
50 0.6475902234042534 0.5378436417148259 0.7048195531914931 0.9243127165703482
86 0.46177463554606113 0.48281419075364124 0.9235492710921223 0.9656283815072825
6 0.5567766138235276 0.43294718263553106 0.1673806390174788 0.06337830036978065
39 0.47092231543383684 0.39041281984792164 0.18007161072202382 0.09922051281722283