30 0.1266676218718162 0.8525746110313684 0.22367962823254436 0.07243166663559841
30 0.1895932102842423 0.9184215807000939 0.35488617428398594 0.075065545422348
30 0.5891961375833517 0.7800368734290866 0.2248991522760565 0.3022098740771756
30 0.38171708128813897 0.9480527170510198 0.2651837397386123 0.08165024238922058
30 0.5571054234589441 0.9605636412880758 0.2384068936056653 0.07506554542234778
30 0.5519515279279847 0.5742313645367715 0.21038843278838915 0.14840451230408624
30 0.5680110896437043 0.6940629832948618 0.27127668289665624 0.2011018201170467
30 0.4211930040578499 0.7458446408073024 0.21126044052853143 0.1934596248067073
39 0.7053351812102003 0.2678535203730852 0.22098938104864962 0.11720760601033159
39 0.4032597870007797 0.5305829293513005 0.20895738788766277 0.16066660599169053
50 0.5110824460685797 0.523998232384427 0.5639553690499819 0.8059669087452004
71 0.2204220725990746 0.5727249899392848 0.22101262180425896 0.2212458180869179
71 0.9069088362983442 0.6523998232384427 0.17413115657305256 0.28314196957551985
74 0.3737914374268784 0.05648474773647614 0.5813301688669598 0.10272127268321192
74 0.852664680573372 0.17369235374680772 0.07902875567546241 0.3055299392628868
74 0.1809076947613434 0.287607611273703 0.16609433396198853 0.31474851501650847
40 0.28367083314016633 0.18686174768055275 0.1272528319844961 0.14486333327119638
2 0.6746220065515287 0.4751809783398431 0.4100413997125524 0.34242665093197205