81 0.16461359116294047 0.1667515596446751 0.2529279941981502 0.3335031192893502
86 0.2976648488508965 0.5464811934347448 0.2376787267208436 0.2598069141129972
86 0.09560156539206519 0.5281247909282474 0.19120313078413037 0.3115099874275681
86 0.9139364885231407 0.5630090510497636 0.1445570554086082 0.23834521341750836
80 0.6634015712361658 0.5638407524939151 0.2822173234090303 0.1805931808444614
28 0.5428702995806604 0.8547305350909071 0.41521692632871 0.29053892981818563
84 0.179502470213002 0.8380721237798447 0.359004940426004 0.26468610344567756
32 0.7333198699068486 0.32302756689693696 0.0666921427465037 0.05058889426525981
24 0.7409544519575673 0.37160928109640434 0.0794805794700798 0.05715064153086846
39 0.509161087706931 0.41379228875496926 0.21090333135289574 0.1568405214065277
39 0.4620715201156482 0.5925813047315549 0.23694817734529966 0.15880991774660902
86 0.6462478560897698 0.6000974331930363 0.5104208469390584 0.7998051336139274
33 0.4918451667479211 0.530877518317626 0.22788754810464568 0.19071717692866752
37 0.8698021636777574 0.7296494397517435 0.1863535608811604 0.13431307965871087
37 0.2730600834177755 0.676575273846707 0.2647917262641172 0.07270871327532846
12 0.3022762138741701 0.34805474775837264 0.4369776370653241 0.18651301549674354
81 0.627452361126958 0.13134994203152495 0.7450952777460841 0.2626998840630499
81 0.8924858841782428 0.35925819317546437 0.21502823164351437 0.27863226081140874