20 0.4785162635241208 0.7485317385170436 0.2531992098197167 0.14527641156353288
39 0.5176844370642408 0.4591134799420314 0.1529293258882944 0.10689658255809042
32 0.44158403528093526 0.3276842374867596 0.08980007591832667 0.0572868550421437
32 0.7359761317787482 0.517264773717554 0.09862090582315486 0.06205686948276046
81 0.8245630421003467 0.5282934236452352 0.3508739157993065 0.30256634675840605
81 0.9478429130808985 0.5871389223659392 0.10431417383820307 0.23679923515048595
81 0.7268183323384381 0.22885670139048625 0.23515858930503786 0.11961592838569624
81 0.7389462021077366 0.2553518995658034 0.21846191995103093 0.11405253686487193
34 0.37489846950770067 0.416534403302434 0.7497969390154013 0.5257711127426793
34 0.5511553109701055 0.5472501237063925 0.897689378059789 0.4832912917452269
34 0.7403770363529235 0.36610795030937526 0.3270283817494264 0.19485501790965176
54 0.6973439670930063 0.11443369299785713 0.3140750906877552 0.22886738599571427
37 0.5426058770911331 0.8026421925349025 0.8188371923727326 0.3947156149301948
74 0.9115711992089164 0.28310321534180816 0.17685760158216723 0.3888130542339707
73 0.1393861529191811 0.6562844150857352 0.17890298709037566 0.10008669170284124
73 0.20597698920244004 0.7196942684726202 0.1324642236635309 0.09818175371356752
73 0.06956670751640026 0.5994319596902529 0.13913341503280052 0.11003885274464642
37 0.22909615375494444 0.36029921912359264 0.4581923075098889 0.43902621758190885
12 0.497962039652248 0.1496556015384124 0.24650255495563467 0.16901062190119198