40 0.528982554337577 0.244822903085615 0.18184117792840132 0.15972403302911795
22 0.5101507120398561 0.6690080399826162 0.3734968325333154 0.5943828770099955
75 0.8541599276796283 0.8168296392872664 0.28831604231119956 0.36634072142546725
62 0.37663648260170385 0.5158300738809214 0.20149359775157716 0.4032377227292483
83 0.14894781343367758 0.4228759235115162 0.22442383409717603 0.8300412863972174
83 0.8394100029720191 0.31944806605823556 0.321092210389047 0.6048565840938726
62 0.647669220001976 0.5119024337244678 0.1245235756499894 0.2749348109517601
83 0.47168542280972314 0.08640808344198173 0.4275610833326557 0.14401347240330287
86 0.5084761047868163 0.6343138852672754 0.3275924226214066 0.6559159061277704
50 0.488031317131031 0.4785174923946111 0.40462535483446765 0.5852183833116037
31 0.16679321415961618 0.8852176047120421 0.31905552413913385 0.21686845549738187