8 0.8388871393142543 0.35428387405278544 0.19467845005183115 0.08423805643520399
79 0.8379707975180724 0.5444776108478941 0.3133100020012535 0.49094992266142273
39 0.42209827579419756 0.580673650722396 0.14689373958456353 0.09213537422600415
39 0.6424334173883485 0.4490516875423898 0.08495059638625357 0.08423805643520393
69 0.34438239798785475 0.2762069550865179 0.31816250823812786 0.29790272282911445
69 0.4641377812357995 0.2503914655167492 0.15199907214358066 0.20154962457044506
28 0.317672999674393 0.835362149475708 0.17875021322940854 0.21191136071980998
22 0.5467560077456004 0.5609303562453949 0.6970786329133642 0.6107259091552287
14 0.13802489841539517 0.3806082666887866 0.16280694000457674 0.2843034404688135
86 0.4044002348803948 0.31348106546698346 0.3911267041950426 0.513325656402024
2 0.18936903777769035 0.8419432476347082 0.212376490965634 0.21191136071980998
31 0.7061573002434274 0.9347367316766126 0.5557184846934089 0.12898952391640606
83 0.7990754324050762 0.15816714891457634 0.3769587028442851 0.3053629545776144
83 0.10447858700107411 0.1173643403287744 0.20895717400214822 0.23428709446041104
70 0.4687739051253078 0.6043656040947971 0.08142465766022866 0.03948658895400159