52 0.4377948453495406 0.19611649817046506 0.19856584313169162 0.2287400477090367
32 0.3860640177162171 0.36111111111111116 0.06954146521650911 0.05654174884944113
76 0.8153676852683283 0.5366535174227481 0.053930115882190766 0.3287310979618672
8 0.1980389558680938 0.5557044311575116 0.22420667682929424 0.1722550953320185
22 0.3775712406388513 0.6247534516765285 0.390283733357959 0.3366206443129519
22 0.6300243496715723 0.4439513477975018 0.20590786721046617 0.14858645627876427
44 0.8756842622418309 0.4571005917159764 0.14334057116055954 0.2090729783037475
50 0.8678570208793595 0.510355029585799 0.15608161214141802 0.43918474687705483
43 0.14549887746848586 0.7931024987005657 0.2866811423211189 0.36810137998216974
34 0.07028477751941026 0.39924391847468765 0.13341451527127346 0.22485207100591725
34 0.3971973709578505 0.6425049309664694 0.35892038232859214 0.6351084812623277
34 0.6379472346393402 0.41765285996055207 0.21566607794928072 0.31689677843524044
86 0.34631759845085386 0.257232084155161 0.137663716857171 0.1722550953320183
83 0.4921270503970674 0.0651989081308453 0.9842541007941348 0.1274392363800338
63 0.2810275710875409 0.2605245584504544 0.08923677479670108 0.0866094571289901
39 0.8492469007021146 0.39924391847468765 0.13335544127976717 0.043392504930966636
34 0.5445824571517373 0.36154913239085584 0.07454984938023301 0.14924563957991333
34 0.690687643296459 0.2896043523308926 0.07597526583042513 0.12944432396707928
34 0.7648092987064643 0.25000172110522473 0.07312443293004067 0.12152379772194596
34 0.7812015878836762 0.4255733862056854 0.057444851977924594 0.12680414855203526
34 0.24381958616114013 0.3767301410273618 0.11731234288600459 0.1479255518723911
19 0.8214746026786564 0.24044614489640675 0.32201180804823093 0.20593368237347295
31 0.7580322298140716 0.8648476305544364 0.4516856421533296 0.26401754150445167
68 0.49885057471264355 0.4886226339105919 0.9977011494252871 0.976864903566474
83 0.12392919466768153 0.21404439074596093 0.24372101113618602 0.17689175280798228
83 0.6356537002867557 0.17708193493533744 0.19240601892926024 0.08712578869646836
83 0.7945876344832087 0.1632210140063537 0.11115728126829327 0.06204412225354533
34 0.4554939290147123 0.3457080799005887 0.07882609873081031 0.09908230669406742