38 0.31323335115181283 0.4095800591316912 0.6264667023036257 0.15070861796840607
38 0.17770504896118516 0.22064222586292773 0.2116396270542008 0.1250483253931573
86 0.5 0.4812609422652657 1.0 0.2993039612356512
28 0.27548511070671056 0.3279646277499998 0.2578941557719994 0.11668617438242695
22 0.619199032807356 0.25150836438260715 0.7616019343852879 0.29516067418250413
28 0.5319880647269843 0.18301015287777994 0.3476617235116363 0.1357185666403432
32 0.4529500763542328 0.6144589027875114 0.10145229254808252 0.0436834945329414
32 0.22832872907654556 0.5248541426035483 0.07754210664393801 0.04474151727708531
32 0.32358229317737675 0.5999381563789052 0.07500304010890185 0.03723723527775047
32 0.4920031328692337 0.5594298930978466 0.10492147986662653 0.05906000620811502
32 0.38742729581502194 0.6844506561904783 0.06674113484415523 0.04868156592158246
32 0.5324495899596804 0.7849943384856668 0.10812572364633011 0.04803731113930976
81 0.17484413846861513 0.12620464226148376 0.34968827693723026 0.13861466217018914
57 0.3647108459991395 0.45825044123243514 0.46373804110902744 0.16663126163552555
86 0.06660181564051215 0.5323905877522856 0.1332036312810243 0.055671186381592075
50 0.039450249361056455 0.5562773173185698 0.07890049872211291 0.06312964809555943
86 0.5138500237881963 0.2736157474244748 0.9722999524236073 0.3608636958348685
42 0.15593242415871944 0.6445167542441902 0.3118648483174389 0.20871475761306768
32 0.48693633555310933 0.6578053478130101 0.10145229254808236 0.04368349453294129
32 0.30005631070253025 0.5601865793931936 0.10145229254808236 0.0436834945329414
32 0.32425753540203217 0.5231696922374205 0.10145229254808225 0.04368349453294129
37 0.9941574055648917 0.36991766754085564 0.011685188870216523 0.2622342924939079
71 0.7961075342685016 0.8136622669240515 0.4077849314629969 0.18627766203132823
74 0.05112624459390519 0.45666753808876304 0.10225248918781038 0.08950938493159083
47 0.5 0.506805089350831 1.0 0.861880619555228