20 0.17438070404172099 0.5773568536726432 0.2085377491632952 0.06949005499406924
84 0.27685183940644364 0.7825491858721119 0.5501082003790374 0.32778327827391174
37 0.9429142192771407 0.3472529923243572 0.10606661379857252 0.17044730470243397
76 0.47100767483433914 0.5360561606101303 0.4602212395327894 0.11275744772622559
52 0.7865109074046693 0.8009050494554508 0.42246871597736524 0.3172942133691464
74 0.3271885374803425 0.10272666673201909 0.6292087259237356 0.19798110007744266
81 0.4521314130566271 0.3092301320445834 0.45123254344816455 0.18355863583339044
80 0.783814298579282 0.18795031908323612 0.18336940012634573 0.06424552254168667
28 0.7892075162300569 0.3538086578898353 0.17977392169249595 0.19142543451196442
86 0.7829468694109958 0.32299702973208777 0.25348122958641917 0.5650983717442237
71 0.12224626675089717 0.36757555557733973 0.22291966289869486 0.174380704041721
3 0.4999185105650401 0.6059606640947919 0.9998370211300802 0.7094757508955634