65 0.21709080364623445 0.4237400225459408 0.10957341079441485 0.08272592571281373
40 0.5021377060710802 0.09480139489987258 0.26920208508726007 0.18960278979974515
40 0.07501377294128264 0.2566642971037377 0.15002754588256528 0.19896105593330826
9 0.4817196225068147 0.4191412022804602 0.2697289904719741 0.3170270861998824
79 0.7348807302968928 0.7764448025375621 0.5302385394062143 0.4471103949248759
44 0.7899592623032268 0.4861623731078551 0.42008147539354646 0.7131956381215602
44 0.36825368994913343 0.6781134011194551 0.7365073798982669 0.6437731977610899
39 0.5338972097395404 0.5947061232541231 0.18082893765825192 0.15893716788843038
39 0.6578439840781655 0.5858838271820639 0.16532939136131386 0.1358654399805127
55 0.16527798705901456 0.3975706063382729 0.06874185308726383 0.048057145574358084
55 0.6016723880985009 0.25345420230673227 0.06470775965919318 0.04135339012692574
50 0.34803900720353254 0.4933043499811653 0.6960780144070651 0.7994856870267367
50 0.6790958099473747 0.3982282509780595 0.6418083801052504 0.796456501956119
68 0.48099422640637357 0.3399228328120347 0.9619884528127471 0.6798456656240695
85 0.25146479454228465 0.24947035085478506 0.5029295890845693 0.4756215692795856