82 0.6800243632851062 0.3691823410602654 0.44382865898869694 0.3176798613619651
82 0.09655863247036578 0.3110551014847246 0.13609003428649757 0.12121556008387208
82 0.8830247993389759 0.38366305755324914 0.23395040132204825 0.26156191196212714
82 0.43414180861950724 0.40014129273339266 0.16633805333595975 0.13427130049665525
82 0.27400071849344887 0.3485781496405389 0.08273616788618404 0.09377400371894162
12 0.34186070235037813 0.20221728103240405 0.4302216601255546 0.4044345620648081
12 0.12160766977821688 0.13246968542205634 0.16497267852876824 0.2649393708441127
22 0.7200481356492825 0.7702733245279122 0.2783523169636819 0.4594533509441756
44 0.5615518273671791 0.7253711070412299 0.31096990447979234 0.49258771003001106
44 0.37047447747689816 0.5171064158893938 0.120374184129734 0.20791394410576491
44 0.04684881103880392 0.4137034912508959 0.09369762207760785 0.16499045640033055
12 0.846398854498835 0.2092880486821453 0.30720229100233 0.29163224388731324
50 0.365345633940283 0.5329500340827344 0.15848714279766962 0.3293425874950341
50 0.5676478465346033 0.6897839464934492 0.31700802602802297 0.6204321070131016
50 0.06143005459062245 0.4402302987901392 0.1228601091812449 0.31927671425967924
50 0.8858566195959598 0.7109526213079478 0.2282867608080802 0.5780947573841044
10 0.5949111136895067 0.5426151799718031 0.07672460554817873 0.06535321128378346
82 0.5485120291950842 0.4331556279256442 0.044735684130806086 0.03162615888278997
45 0.5749763399786898 0.10445251417712692 0.1367622691979954 0.20890502835425384
77 0.16494638079207147 0.6682545191184697 0.32989276158414294 0.4975515819814105
16 0.4682506996499003 0.3640482202176224 0.9365013992998006 0.7280964404352448