32 0.6890810014052104 0.44519830846898784 0.14131242635806884 0.15732651415536913
32 0.4740357316687367 0.49009731515988175 0.1413124263580689 0.1573265141553692
59 0.3635572573196017 0.46905350265927936 0.10592022112114285 0.16317939837776624
9 0.6276730183112607 0.9724542581143718 0.22336374031649475 0.05509148377125639
9 0.6450480093505742 0.9359727335640377 0.22336374031649475 0.1280545328719247
9 0.8188255436858507 0.03301039939585476 0.22336374031649475 0.06602079879170952
9 0.7985126578071258 0.06362533169553425 0.22336374031649475 0.1272506633910685
9 0.7997638630405475 0.12321418041368304 0.22336374031649464 0.14402885933666298
9 0.8107016774368911 0.007593479135617864 0.22336374031649475 0.015186958271235729
33 0.684687566590856 0.2652959968310483 0.04028692651771926 0.06972462218494713
33 0.6978767965424456 0.3153820771167737 0.04028692651771926 0.06972462218494718
33 0.6971250049271576 0.20971202571703845 0.040286926517719146 0.06972462218494713
33 0.7283770882877834 0.20597450413003726 0.040286926517719146 0.06972462218494713
33 0.7131895360666367 0.2661047905637395 0.04028692651771926 0.06972462218494713
33 0.7235633872937721 0.15310247776590394 0.040286926517719146 0.06972462218494718
9 0.46261105946841363 0.788869351705654 0.18639268530436287 0.10937778969527256
9 0.49095621091687813 0.7558358695296457 0.18639268530436293 0.10937778969527256
1 0.6291712960881615 0.5 0.6745142976705217 1.0
86 0.4767874813450126 0.4855414033554628 0.7174798402217037 0.8090267083414964
86 0.4546456133794574 0.11285139128235819 0.42002231366458087 0.22570278256471638
79 0.5732974843643939 0.8919115810870487 0.16822253885174815 0.21617683782590258
45 0.1404746377716864 0.9553979004484371 0.07628129580497822 0.08920419910312583
45 0.26648067012848353 0.22250896948022486 0.05967603518813913 0.08384644267620389
45 0.17679572837550658 0.6438800029181865 0.1935671856686209 0.33034002349134745
19 0.27093509622746237 0.7790578054619823 0.21435497954228694 0.4418843890760352
19 0.38055976737066866 0.22162871953431404 0.15560036965978402 0.22449405368055558
45 0.11327462579446793 0.8069871019404367 0.1016972439617993 0.19399628941051572
45 0.23546158444365117 0.08828406213210543 0.10980843826602271 0.17656812426421087