86 0.46995387463981686 0.8117408532727461 0.1874815115094277 0.36891171966860925
51 0.4389264361885785 0.9492563330058476 0.09068399198010363 0.0938807602024061
81 0.677813811313313 0.748272170319007 0.16710308634535942 0.11768151631005841
12 0.1612207334041831 0.5909227271628619 0.1630274013125459 0.23139623993550773
12 0.4205361936169514 0.4824970604502239 0.272051975940311 0.16792755698176848
12 0.6482650948254138 0.49373630638994853 0.13449760608285022 0.1110701951690437
12 0.5871298193332092 0.35622082665684673 0.0754001731070526 0.13487095127669585
58 0.8444074370295707 0.43555668034902084 0.29650608613719287 0.3675894554404063
58 0.7995749016686207 0.9076050098174564 0.38413331434268616 0.17718340657918852
81 0.18516538297196322 0.8533921764611374 0.3535656765965839 0.27503095946620315
81 0.4821809297382578 0.20085477984300598 0.959823825227614 0.39271247577626145