39 0.47608369655724103 0.7091543232549549 0.1619044922205008 0.13885286954209375
55 0.5020345328757869 0.3272270912804449 0.07167637085568679 0.055204238692916796
79 0.2812946034477196 0.7406370211080056 0.5625892068954392 0.5147181972306059
50 0.33994487142777685 0.35198674327845453 0.6798897428555537 0.6085269803712946
86 0.7227673910043041 0.4649854645938829 0.5544652179913918 0.5264244963862219
22 0.6052701913266528 0.7129396805599562 0.6833425428943132 0.5741206388800878
66 0.4697291666979548 0.7299492727509327 0.04439929434737844 0.03181490063518988
58 0.6004930989997482 0.12013999290476768 0.610076131093044 0.24027998580953536
58 0.9994405561957436 0.30516765479357155 0.001118887608512864 0.22737060919700908
40 0.8557416893282142 0.25422606725264174 0.2885166213435717 0.3427072564662772
37 0.3077684716498892 0.16319721153671513 0.3037544536312886 0.2417715507016842
37 0.8969147714159671 0.5286207133977927 0.2061704571680657 0.22829342915886253
37 0.6342124695508505 0.3306851594728943 0.30579871900585215 0.241624865388127