63 0.4360680939637229 0.12924692008716532 0.267320615750589 0.21584201750087073
28 0.8225207232553351 0.24703875280867707 0.08019618472517676 0.30402137830915327
14 0.8579859379152608 0.6405556017889231 0.09298108373933534 0.6146233059323576
22 0.6376804666850617 0.6476088082508895 0.7246312762969442 0.7031734623076169
73 0.28338766606572136 0.8407531072714772 0.07058361935418123 0.044456736775976946
83 0.5058039067682243 0.3345600586855545 0.4137658226400421 0.16582984271408358
83 0.9288678377822 0.16807216104006586 0.13482257142203613 0.3277113558397367
86 0.7997535560132504 0.30906737021063047 0.39981098260663317 0.43528945689041887
73 0.2742776182188315 0.8070501135456529 0.05965156193791324 0.02932478040927955
31 0.11268133971291865 0.8985605958799345 0.21499712918660288 0.19806576402321074
31 0.937444338118022 0.8731147348809143 0.11053524720893082 0.251709805029398
28 0.15458755980861244 0.37313561143348384 0.2988095693779904 0.734493874919407
68 0.49287400318979135 0.48729535444314875 0.9705237639553403 0.9628203890334079