33 0.820563625007587 0.8369042010140808 0.10777922642329418 0.07868585873046918
33 0.9386686551073439 0.7851078269479395 0.08692779682548246 0.05901439404785169
33 0.89349055764542 0.8506793758899971 0.09387827335808663 0.06688297992089887
33 0.8570005558492511 0.7903535508633038 0.09387827335808696 0.06688297992089831
33 0.9577824655720043 0.833630773165062 0.07302684376027568 0.06163725600553449
28 0.5971494358120661 0.5588859830978404 0.09563100222283105 0.2098289566145845
28 0.5633467360884619 0.7961545054413431 0.25018738377085437 0.2880746712214015
74 0.09732508743068687 0.27317426564342473 0.1807431779035293 0.5406700351484672
71 0.8827857973518732 0.2758022771991915 0.23298547537199776 0.548548920217683
71 0.8231203824424165 0.6087203602938043 0.3181225554106911 0.12852023592643302
71 0.21555845284658842 0.6428175657436743 0.41025641025641024 0.08917730656119816
39 0.7283789656671013 0.2933212098825067 0.12516297262059983 0.15868314843977963
39 0.24337546870859575 0.3398770096313677 0.08344198174706646 0.13638882179947998
4 0.49497798245000746 0.450884333227064 0.08996756374613452 0.09910236143451884
57 0.3928522659214547 0.5956060505053926 0.4102564102564103 0.2675319196835955
50 0.5397653194263363 0.6775704866829649 0.47457627118644047 0.5626038899228551
2 0.8603839441535774 0.8843208419093933 0.2443280977312391 0.09084405980786692
3 0.5 0.7855772986399725 1.0 0.42525552634697095
25 0.48865619546247796 0.23129687575429103 0.5235602094240834 0.33309488596217907