86 0.18361590787995458 0.4849618927699121 0.36723181575990915 0.35667682434011966
86 0.1413610897559145 0.5476960217703023 0.282722179511829 0.46281469156419947
86 0.41735167124938266 0.8211479262082191 0.573704059496702 0.35770414758356184
81 0.800121084680492 0.697503812344326 0.32037583277947423 0.2610223020900282
81 0.5582525196135486 0.5430178102876122 0.21519774588124652 0.1660758977206095
81 0.21236778709110785 0.231168960782594 0.15061082771614193 0.11609233764041343
81 0.8175956419426048 0.47532596283641904 0.15342955907533629 0.1467064734291807
81 0.30084327620023454 0.3917795688242929 0.18507877447685034 0.1348352842249902
12 0.8788119407339028 0.5734296128516316 0.17039215505823802 0.12257010927964362
58 0.3915947169929956 0.20467337655045392 0.5208048597873619 0.40934675310090785
50 0.5298587597508017 0.38347321886991886 0.8765266294158882 0.7669464377398377
57 0.6457284662466 0.25651334343893695 0.32227327137806466 0.2650075390424391
74 0.9158161515988485 0.3760456572271533 0.1683676968023028 0.24778101820319398
50 0.5915802331076248 0.6486337376017264 0.13408153717558646 0.11437439829531704
37 0.6105076711819317 0.8398540573019011 0.40852060024915304 0.31432605949674874
18 0.5 0.5 1.0 1.0