32 0.24220080059701432 0.7174076575197728 0.2878487931398678 0.19293757314935178
32 0.7944161165831871 0.42028676811723076 0.1766758273032577 0.11890910030648272
32 0.4977327424398287 0.630824807900946 0.2387832397370404 0.16245794109988498
32 0.5319731057049641 0.3972208596315102 0.19995725780531903 0.14146281006320288
32 0.304364451827946 0.529143587289826 0.2098637608166969 0.14196802569649242
32 0.697626068072617 0.3213934498256233 0.21734439356350133 0.1459957845713875
32 0.9109164119005101 0.40826356184219986 0.12499125721973647 0.08471779830779858
32 0.838696876054035 0.5022761953560848 0.1602483947764023 0.11186928030122562
24 0.19194972291391618 0.40095949393358793 0.08946415111281975 0.06143734734591655
24 0.37097296741880176 0.2579527559981672 0.07527931797138165 0.051001946317120295
86 0.5 0.5 1.0 1.0
62 0.5 0.5641432017062973 1.0 0.8717135965874054
14 0.1515193958341849 0.5041254999265585 0.3030387916683698 0.3151476911255674
14 0.4553025441581921 0.14341595312287547 0.36542766969048157 0.2533893835927117
83 0.26795804394059886 0.0817198187403333 0.34449159986795097 0.1634396374806666
83 0.01727602591117075 0.34642090080960874 0.0345520518223415 0.20260478274326732