62 0.2930606902274377 0.46299685368054705 0.5861213804548754 0.640399162081379
38 0.8796666001272453 0.6205165228938107 0.24066679974550942 0.33319753675736186
12 0.9675714847614452 0.33189480598115034 0.06485703047710967 0.057073544962204736
12 0.8482043808260376 0.34451366132437267 0.07987238211320358 0.06453754009617257
39 0.05113835860857102 0.5440706889926644 0.10227671721714204 0.20045476358302206
50 0.6263021607747485 0.6344715839241686 0.7473956784505029 0.35736253840945054
85 0.7947123459696397 0.31538052677818995 0.4105753080607206 0.3848218540987598
48 0.2700692837879661 0.6378626014257077 0.5401385675759321 0.4352704028294026
47 0.8201426082954036 0.2995604295964194 0.2874971137044373 0.16798362061286798
74 0.9985914552499403 0.28898753915096576 0.002817089500119385 0.162216196331602
83 0.6843322135961676 0.8027372880748416 0.6313355728076647 0.10700161200827518