14 0.2385084251373742 0.8091775653175926 0.21324470760747405 0.2081103201811071
9 0.3768149209638533 0.9770011882138705 0.11102935764339777 0.045997623572259005
79 0.24396871121111535 0.9523425469334409 0.19534958188798424 0.09531490613311822
14 0.473610867680171 0.9070075868180235 0.09101897835498973 0.09405233071698027
40 0.7079637372771742 0.9575351109842859 0.06411399053807032 0.0849297780314282
40 0.7079637372771742 0.9575351109842859 0.06411399053807032 0.0849297780314282
22 0.2804253408588879 0.5106727028892057 0.24350089879064696 0.3375639128549006
40 0.6741406225133015 0.02412766146939624 0.026641237979159182 0.04825532293879248
40 0.6985523830597433 0.3630753243275575 0.01676759643099268 0.03155397464441978
40 0.5948140543662757 0.9754034097692058 0.06411399053807043 0.04919318046158838
40 0.6917262636552606 0.14420919197060636 0.044460878089981226 0.09194654274301667
40 0.6176855483165162 0.4295674023382021 0.06411399053807032 0.1209345660639769
40 0.69079392443844 0.5241765678088283 0.03768469931311569 0.09313897263387133
40 0.6657337642716578 0.70250496115693 0.06411399053807032 0.1209345660639769
22 0.4628798323171031 0.06864149922644078 0.2935769891035841 0.13728299845288156
22 0.5723455398535329 0.2954017699833388 0.1850331020461668 0.0903322769184301
86 0.38595190762238474 0.48995827583151946 0.24458146549198312 0.2425095129541598
86 0.5758732204189339 0.47121269046614256 0.170459850789771 0.1943781456496803
86 0.6175793927450189 0.8473167233995 0.20378734368956963 0.1271470130144604
86 0.5759274185454302 0.7456520197689842 0.08502387715076176 0.074376741881088
86 0.6059463653538714 0.3110118716416577 0.1895167665364461 0.050015236965038734
86 0.516665222502459 0.09017936553463396 0.3137452504635243 0.06377364007688113
50 0.5176932195072679 0.9662035743620477 0.239901992253162 0.06759285127590453
42 0.5683893790814133 0.12584006065800166 0.11906537140141471 0.19353911126304463
42 0.6351927564905351 0.2740293015884018 0.09228279467379785 0.12663002847205013
42 0.366363490398222 0.4687661234056556 0.13120392331470648 0.3566584715021661
81 0.7866839979239695 0.6177028329143215 0.17462125987193844 0.2257269514367607
81 0.7944883030884886 0.7838040579180143 0.16089651920345982 0.10168278256910446
50 0.5022059279955584 0.1536606038954555 0.4353237391875999 0.10617333807113494
45 0.8011656267371497 0.1882367857657526 0.13620541888708115 0.3055536325212119
45 0.8135229467758384 0.8846054357697867 0.1157904639651981 0.19432067888095994
45 0.8238104128078484 0.41135758641188036 0.0863467047902069 0.1579663342000059
45 0.7437939187451235 0.003532455722932676 0.07504380594600735 0.007064911445865352
19 0.5187917336882837 0.5 0.4125085121045932 1.0
81 0.822355162184329 0.06816548940218448 0.08286357908909314 0.13633097880436895