32 0.4095575300121048 0.6755915755793721 0.11503572469862977 0.13175248841403842
32 0.40448383797279786 0.5987388772394366 0.07164841468558819 0.07892882501209375
32 0.3416532527501003 0.6517485694086882 0.0493611405419036 0.05590515968828613
32 0.7459267231198293 0.5482350815668879 0.10418096807685262 0.11371418370654451
32 0.7693412581708767 0.6410031797662039 0.13854195359071075 0.1673293764115492
59 0.593075059369037 0.4892867024704604 0.19254982183355002 0.22160651947109244
39 0.47971159677040043 0.8524386918109549 0.1821843945883253 0.19345616761511653
58 0.5592115027088114 0.14674114616405753 0.5477349119263096 0.29348229232811507
62 0.23302218406178707 0.7466163462764372 0.4339869726705638 0.5067673074471255
86 0.6898891225556338 0.4798064080301007 0.6202217548887322 0.9596128160602014
50 0.32769638823793146 0.6121600798101527 0.622226127406895 0.7756798403796946
22 0.7615257189108762 0.5773762567787074 0.47694856217824777 0.6995827991878416
58 0.7563678356298448 0.1808619992303202 0.3490169009906461 0.3617239984606404
40 0.20370813809680308 0.2725122449932824 0.398936364186593 0.3993188306912084