20 0.6520820378898519 0.783371604633635 0.5535618001509237 0.2741653454967876
86 0.5 0.49449095091185147 1.0 0.6391931782830402
7 0.0030729409097027816 0.4088867725243111 0.006145881819405563 0.11442258485251722
32 0.9945951070201238 0.7497022410602331 0.010809785959752571 0.1572688956282986
32 0.9564890947338853 0.5850714491902571 0.08702181053222935 0.2628647053540921
32 0.5304436443809004 0.8447617908782035 0.35399096070082814 0.18666526604712919
71 0.1749478091231404 0.44323668364618696 0.3498956182462808 0.2707326632031546
22 0.5670325662865078 0.5021817677355427 0.8659348674269844 0.4580058958269916
20 0.43235203495192276 0.18509255967627009 0.21929323243899113 0.10301987485253739
74 0.24871527167194607 0.26014463611640726 0.49743054334389214 0.3127355399586131
3 0.5 0.47610115127592445 1.0 0.6669511464465259