33 0.9331427187232871 0.6665829977926986 0.13371456255342573 0.12340313672706937
33 0.9331427187232871 0.6665829977926986 0.13371456255342573 0.12340313672706937
33 0.9641306632603237 0.6564363236419036 0.0717386734793527 0.12340313672706937
33 0.9813470068627087 0.5893315370600751 0.03730598627458259 0.12340313672706937
51 0.9993342069114172 0.4748357091793113 0.0013315861771656667 0.15637365347192939
81 0.03286529473901542 0.5358898415903123 0.06573058947803084 0.2221853466560933
81 0.1562540265259137 0.29039790228866336 0.20322817126732629 0.14473212834098897
81 0.1405168823837832 0.2041156380768932 0.18563801286951326 0.13088977794746748
81 0.4764511406819603 0.09444735016217976 0.22765342844197478 0.1642938531672984
81 0.36734275225531043 0.11388617832521367 0.25219856960262577 0.1764042988510594
58 0.2545532827987372 0.565950487069469 0.5091065655974744 0.4824671662933236
74 0.0611011802046483 0.2996434288599702 0.1222023604092966 0.20091041684183258
28 0.7995522149053449 0.5067787661213415 0.4008955701893102 0.430389699903363
28 0.3875144776567135 0.7867571612353799 0.267184632517366 0.21608790791882304
79 0.8777269382211722 0.6282067622335188 0.2445461235576556 0.4745948459643886
80 0.4919784431531755 0.289896963613149 0.36860488542712533 0.304110842647384
57 0.5619281446464344 0.33798071145748043 0.6346457783103334 0.4807694625790379
86 0.5020888429325067 0.2978487970608825 0.7325790999734052 0.5147797908597529
54 0.08592821926933397 0.4059592809641442 0.17185643853866794 0.30195923893734433