70 0.6530539415852319 0.5515924028699408 0.15449804332414918 0.09941292559153247
8 0.9314518279413433 0.4251285531454212 0.1370963441173133 0.283745364974608
50 0.2653257968455957 0.7695385894588286 0.4316311456282391 0.2359135608095333
50 0.33369188523841675 0.6966259699785222 0.45524352957114106 0.26109623259791215
50 0.3956039512682774 0.5745740340380409 0.29156658601367713 0.17189150005822712
50 0.027496415249385314 0.4311773786548809 0.05499283049877063 0.14663854106524954
50 0.20917818819428638 0.3687903205932879 0.33772497132297213 0.20481536449085225
50 0.5322419654710082 0.3466828146911479 0.6887825230928968 0.41138206058463167
50 0.3799972950248907 0.49909260614522294 0.25208898391216994 0.14896991721117947
50 0.19327237295356373 0.496554068117777 0.3058438414210131 0.1871182318372468
69 0.3633863524672386 0.7296939074051263 0.1981831360058075 0.1403917212604826
69 0.07304536808075282 0.4735882862159524 0.14609073616150564 0.12591080146223838
69 0.3793690897702783 0.6146037794949488 0.30077257603316254 0.19546707687087972
69 0.19202037340072858 0.38978662603437264 0.25626661293938124 0.16420450229931144
69 0.2833159430875073 0.7864554698871302 0.1528334151070962 0.09873960596444753
39 0.6340700447833378 0.4484786854714904 0.19000452663620704 0.11632410223586565
39 0.8363268101998308 0.7070955415276392 0.1633697926463331 0.11381295877202102
79 0.886214895365442 0.6568819703339978 0.22757020926911609 0.4339929499979453
28 0.8516758851177249 0.6259885437160394 0.28692872818222137 0.1765359057086664
57 0.7919809497577928 0.5579762847299994 0.41603810048441436 0.43966401899269403
4 0.4172401977803628 0.35230763326283693 0.09149238233546603 0.05633689222202687
4 0.2534586220513666 0.5271775947054201 0.1168697577909063 0.07396258932719002
4 0.2666839369123397 0.38838174246308815 0.09149238233546592 0.05633689222202676
4 0.4596262369766646 0.5217266051510349 0.11686975779090636 0.07396258932718996
14 0.023051466400068943 0.45162782085766684 0.046102932800137886 0.05861662861811201
14 0.7293079229707476 0.8870335610930533 0.42968122854668755 0.22593287781389326