50 0.022599549518201145 0.383360098933903 0.04519909903640229 0.07902611807361065
50 0.052539843580662965 0.37934953169186203 0.06567276049687804 0.08611430861023783
81 0.7424225276399588 0.20828930754037414 0.4438099479149692 0.4165786150807483
54 0.1820368858106068 0.19184542991529166 0.3640737716212136 0.3239348237305099
28 0.5611869919167181 0.6992292225408907 0.6361061362619119 0.2787926834099378
22 0.5498849839210667 0.3918938892303502 0.3730382305806649 0.21984834499234074
86 0.496280456210505 0.5891773297755347 0.758166588319797 0.7036016206476837
86 0.5240970091330394 0.3706189361696435 0.5081518455771608 0.509164413190172
37 0.6879754709724253 0.8557727796598069 0.6240490580551494 0.28845444068038617
54 0.760988629103063 0.08101100770486036 0.16310006566248392 0.1484578351793855
81 0.7532682083071041 0.1981892332113003 0.38762537714247347 0.3963784664226006
47 0.5 0.5 1.0 1.0