67 0.4770158588594608 0.770128336100115 0.49845414334717464 0.29265100242625464
67 0.28119962667320036 0.5705289873579363 0.22395981095091946 0.10370642318988632
67 0.6194363668016404 0.5428265866428298 0.1952470146751606 0.10228578725577836
67 0.6234561582802468 0.38797726982505426 0.06546517550873032 0.10512705912399445
44 0.4529021484022388 0.5023384625207509 0.11025713769891421 0.2031509385774486
76 0.5158658571447755 0.6304216039375108 0.06119254706979654 0.1711708916159227
50 0.4603680567894457 0.5165448218618311 0.12059490706920589 0.362262163197548
74 0.4477338450726021 0.1741715617417954 0.5822955084723905 0.27418273528285014
54 0.3353112404836538 0.3260739700528319 0.1517390655321687 0.08944273979011635
54 0.27716823406478563 0.42083508004409687 0.24249888042991471 0.08593306904969927
54 0.6309896999552169 0.42785442152493125 0.2354082698910287 0.08593306904969927
71 0.2268248992386923 0.7216568120226659 0.1304672339155097 0.16839615668883956
71 0.6671518137035359 0.685701114122252 0.15457530974772238 0.17718025587234787