36 0.9662240525557699 0.66396608347391 0.06755189488846025 0.12271375530415063
36 0.7533553247310258 0.5815883778161404 0.17290899052901043 0.15003458757756205
51 0.7911843181503986 0.6515506901229509 0.10143069453434983 0.0939059833345165
33 0.7838708362741069 0.7153224620001359 0.1176530468220055 0.09975313783965711
33 0.8757090277279536 0.7014110285365485 0.11557042835958631 0.10526969813884612
33 0.9143443646682551 0.6318394472225288 0.09170523281734222 0.0823090806743525
36 0.9144490081209862 0.5282914756005563 0.16902169662605682 0.14245451380183116
28 0.31653238863009114 0.8240101602393626 0.3752831496703633 0.30521676609276194
28 0.5298816285242667 0.4212003113993443 0.32637428458362916 0.26952208805563294
39 0.8276488908190316 0.4437016832419946 0.1739412660606906 0.1564679096519216
36 0.1724771776413661 0.26790793167586185 0.3449543552827322 0.4217479719514414
57 0.3831523968851088 0.6020926584739906 0.45074796280099144 0.40006189670988207
50 0.43233738487557527 0.43497965590039595 0.8646747697511505 0.8699593118007919
35 0.7391314139615044 0.421844642649719 0.34178803406869707 0.2944299989428227
83 0.5070458748089408 0.17970177926676734 0.6230410207646818 0.3594035585335347
83 0.10610197869728549 0.5659642774516234 0.21220395739457099 0.38660010593517813