22 0.3930188872517175 0.6157203253508682 0.7029552119668303 0.7685593492982636
22 0.7325665567672013 0.480517834515087 0.5348668864655973 0.8308702564701775
39 0.540535493702312 0.5108405730924694 0.15404012819497864 0.14781662380637323
39 0.3414396830873276 0.6130790468014875 0.15734388854376935 0.13418776765405405
86 0.18609619763325108 0.3262609538206459 0.37219239526650216 0.4284392272341167
86 0.5979688443805335 0.14481818494528215 0.3083064305778701 0.2896363698905643
14 0.20688388074420822 0.8103421786857887 0.27050114251805313 0.376876559604164
39 0.7110397624089813 0.4459599538529901 0.13871325876627427 0.12190772621040902
31 0.22697763224447878 0.9083445620859228 0.22385536937116574 0.1833108758281543
74 0.06883695509103668 0.3163636459691519 0.13767391018207337 0.2947337482947956
74 0.378366447530278 0.14314505832504132 0.3203063864629986 0.28629011665008264
74 0.7058895783804562 0.07808249147316698 0.28647268736191267 0.15616498294633396
17 0.19321343461640317 0.33902963599408265 0.1164201109655928 0.10912258241176603