28 0.5424216505939455 0.4103671385491494 0.37481033405073316 0.265456983367075
40 0.55401612342844 0.7404650499985984 0.3882646175161749 0.27499353985028785
74 0.4638834815694316 0.1507397086482457 0.5635382317248512 0.3014794172964914
81 0.34701392717613655 0.7644105453214807 0.3425850619748432 0.24314794844544885
11 0.43254117806276193 0.41013033308608626 0.8650823561255239 0.6966281921038999
39 0.4484704031696488 0.6379764112636208 0.12525374608590306 0.08883175006568178
78 0.5202725031464279 0.5365189714047016 0.959454993707144 0.7408094475811073
73 0.894241055333682 0.8355190297785489 0.179986389547379 0.12847914664983762
73 0.9663512986006648 0.7814575397873136 0.06729740279867036 0.11833027106669414
54 0.5351941835541472 0.5956385351099422 0.9296116328917058 0.8087229297801155
74 0.11233241665578952 0.47606757547250267 0.22466483331157905 0.39825717843524977