80 0.39084634992749634 0.564593946193702 0.39231877916737123 0.40081655256206516
80 0.4814792240720721 0.3187859444054526 0.29639091172878046 0.16740856540666305
39 0.6741162055916636 0.5412388991633422 0.2055916322122423 0.14673299604490392
86 0.13779382171494653 0.5272972333244912 0.27558764342989306 0.2875902249653385
86 0.16414278072366423 0.27094696932685536 0.32828556144732846 0.27916923900970064
24 0.15306524458500842 0.227394567148757 0.07565898720233466 0.04122109304511745
28 0.8485089760443391 0.6404259142466037 0.3029820479113219 0.40730037377429285
28 0.6014405519632349 0.2933201339238319 0.7971188960735303 0.3686338490196597
39 0.5566760844767379 0.19640571578795887 0.24194636775003198 0.10876636729165384
32 0.465360807711718 0.17378655572336682 0.23998409163987977 0.101684926303237
33 0.548121864675567 0.6742442775321724 0.0649573714080397 0.058988952899413416
33 0.6004200877258705 0.4719665204308501 0.06495737140803981 0.058988952899413416
33 0.5817508849803165 0.5122507582319242 0.06495737140803981 0.05898895289941336
33 0.5694977683516151 0.5632419193816358 0.06495737140803959 0.058988952899413416
33 0.5685813173042593 0.6207271599185722 0.06495737140803981 0.058988952899413416
33 0.5963998486312233 0.40520777343993175 0.06495737140803959 0.05898895289941336
58 0.0940852321320707 0.6923476633109628 0.1881704642641414 0.23612790848600418
58 0.09277686698623608 0.12911570637022463 0.18555373397247216 0.1498606746390332