33 0.7119073233313619 0.4582162186696599 0.1574890765971393 0.130411057936467
76 0.7833361780140098 0.7172859459408125 0.3036159194741389 0.27313417229503756
81 0.7753790111118108 0.23705730791937438 0.4492419777763783 0.4516245282096148
76 0.12895537473268578 0.3216788066788744 0.13131647465725665 0.09752133988821304
76 0.20533331555361006 0.3274083690326531 0.2445893772165887 0.19104206972951754
76 0.2608909410541296 0.3507860860026891 0.1144640560463937 0.1059363402550123
71 0.3956071100016604 0.11195684867927455 0.260878034658482 0.18585236284071
20 0.3428963843414331 0.713320567873432 0.4106229290230896 0.30434754522606344
28 0.2852243552505903 0.5257216083432621 0.36952944648206165 0.32410894320151484
28 0.6472992621065309 0.6854762192386509 0.377894162090676 0.34889475916286883
80 0.487759315067723 0.30103430965112804 0.24750864062861744 0.1909572372687024
86 0.3640952554486465 0.463843228364199 0.728190510897293 0.7671699467951711
86 0.6362698737327526 0.6231343268332878 0.7274602525344948 0.7537313463334242
50 0.28746157921942067 0.24583338405808003 0.21493792243000698 0.19082063479702727
50 0.2984548635980661 0.08864617732035843 0.11841923431607493 0.11752655634559822
76 0.8441515089591254 0.4277574928844086 0.31169698208174923 0.26021218243759325
3 0.5 0.5193723355658334 1.0 0.9612553288683332