81 0.5325903037044049 0.24797838992659083 0.3663038252396512 0.49595677985318165
40 0.5136720775758881 0.5270790810459598 0.17279003038123053 0.12194335293563519
81 0.0862524073871467 0.4554978666124106 0.1725048147742934 0.9109957332248212
81 0.8744820922928372 0.22455849013278165 0.07279759327108226 0.310968007711343
81 0.92110528732004 0.4848262259276163 0.1577894253599198 0.8573107300994486
81 0.9323713403887124 0.3137673891648498 0.13525731922257522 0.5072206187874473
50 0.7299250896425837 0.6162939284709603 0.5071768860836569 0.3751198387461069
28 0.8372169908830468 0.6364474450444018 0.13622758025493797 0.12582268069991898
28 0.7327351335608656 0.4954262231997978 0.10414340387482257 0.07539989581529283
86 0.19149185915804848 0.45441101107909343 0.2618293737879062 0.8326578028433815
52 0.6352502006676047 0.9272787331249965 0.3220562272946507 0.14544253375000693
32 0.23234172140527698 0.15371803843650128 0.02972504793998776 0.03900739471976611
84 0.761055660639627 0.4289918062541396 0.12640986783752872 0.10862301014156844
84 0.3213007733962989 0.4884417008049359 0.13104328471280402 0.09359603885270079
84 0.6266367792977031 0.8733402529955204 0.5827389317442773 0.25331949400895915
57 0.2489933328704511 0.3684092268914462 0.1319016912022759 0.25549160363099377
57 0.7075635938601232 0.571761037531259 0.13889283579603218 0.14340993616850206
28 0.14926435003639438 0.452635090020159 0.11902415257209031 0.46578066534850854
47 0.6439899826450028 0.2506116846785268 0.7120200347099942 0.5012233693570536
37 0.8807057684185517 0.7228289626186089 0.22404139607657902 0.15958175160082277
37 0.41371388450484375 0.5111211034387408 0.19275961061660685 0.1068593264662957
74 0.3105267170627868 0.08271055085330314 0.11855344377051641 0.1654211017066063
74 0.8311448780063022 0.226808590709923 0.11596195095059825 0.11486499354551521
37 0.024457451126932456 0.28106441226794393 0.03549864606481573 0.10118867785511465
84 0.30506843832672204 0.6230615450518384 0.08388123363377153 0.06451194725189213
67 0.41689645860146646 0.6618430861821694 0.16713403747245514 0.2609431741117021
67 0.4788447207071037 0.41280155566095816 0.13583600494194226 0.1179280837157578
67 0.8010280994223988 0.833996586200475 0.240689404928629 0.20764229654101263
67 0.3493102206347308 0.5750540232884821 0.19218991170378963 0.15159387297042404
39 0.10587019823529079 0.23587058264975805 0.04397957022002735 0.12758448154341578
67 0.5844551865490873 0.763520036451894 0.24068940492862906 0.20764229654101274
58 0.5 0.5 1.0 1.0