22 0.7740573543672153 0.6227186769559647 0.33307066232278637 0.6614327495683424
20 0.5165545492126724 0.9006260497785922 0.21770540331929328 0.1795506066692505
85 0.16887577077738306 0.23655285011217217 0.13647204387179585 0.46735966735966733
6 0.7786199619091448 0.35142479906007895 0.09439367619027572 0.03968988859939265
64 0.9462817984075429 0.39299951842324754 0.10560336728174669 0.09901687867789527
5 0.9414105745583019 0.4636315585468126 0.10559642298772232 0.36966301373081006
73 0.16643876999395812 0.8801625615184936 0.1413460454386457 0.05676967710866021
73 0.13313309262048417 0.9501344891175401 0.08123335944749754 0.0831741780894325
73 0.3329671568613281 0.8583788482093567 0.09748003133699712 0.12674160470770657
52 0.5539218945585215 0.28540117692660066 0.1722147220286947 0.12410115460962926
62 0.3451302862522777 0.5177607855573957 0.4110901032919063 0.5412922701058294
40 0.34351881322197314 0.16724103503764517 0.23558299226236415 0.15182588063943991
28 0.7813753010115143 0.17714272290543476 0.11697603760439657 0.06073035225577597
28 0.8544853245142622 0.2563562258477513 0.0877320282032974 0.08977530333462544
68 0.5406503783624198 0.4956587655616784 0.8953351261388429 0.9863961048427072