79 0.6389725367943349 0.8386517629891942 0.7187062494846318 0.3226964740216116
28 0.9335460923467077 0.4011730928885976 0.13290781530658458 0.24227765593903589
63 0.056669923739124134 0.4802519619103488 0.11333984747824827 0.09127639385995429
63 0.07307715802570683 0.5411900651129264 0.09989953757715292 0.06260691176616762
63 0.11680682933511319 0.4669358829209562 0.08415469525426306 0.04915262456461211
64 0.5722114705241865 0.31441839926607357 0.46054579691012787 0.2742563210311928
28 0.7721721069129421 0.4772454964448105 0.22993489459219285 0.2222325795533519
85 0.15395255413309986 0.13582115757100896 0.3079051082661997 0.2716423151420179
86 0.47581882517857316 0.5037601005694105 0.9516376503571463 0.6334709105600722
5 0.6446728155786458 0.4440667154099147 0.7106543688427085 0.5572667146889168
68 0.5 0.5 1.0 1.0