53 0.26328439864711384 0.05274654129279377 0.18888469422288828 0.10549308258558754
43 0.9255338778133122 0.5571286992593747 0.1489322443733756 0.311155711472063
49 0.38246925874116355 0.49026765592329263 0.7649385174823271 0.5566541238252832
76 0.8715272837421244 0.699654723487186 0.2569454325157511 0.2767203134236025
39 0.8506946634758187 0.5998170361131965 0.21839673633936196 0.1437586541082908
86 0.7000064853150778 0.6409222798164995 0.5999870293698444 0.5985936704317213
54 0.3256691224842827 0.7161678765528254 0.30319448597293225 0.2283502119451527
54 0.813559420792129 0.30348497065123303 0.2370822984702945 0.16879031596598165
74 0.20774637184366046 0.3127755540900764 0.4154927436873209 0.5872713418159161
3 0.4694269404752061 0.8152428893656184 0.3766278970079472 0.2691875040630449
71 0.5891043255158911 0.5917355117334823 0.10061788806539562 0.07980422280152699
71 0.9225698718508369 0.32112033424885367 0.06272645355025896 0.04913690944391974
28 0.9190635290411322 0.4003958616895147 0.1618729419177356 0.12255394938887593