66 0.08523266128357174 0.8593843308909912 0.07253527734048287 0.03961968009522909
66 0.15786221323603442 0.9321875008158885 0.068380152466261 0.04102866817001094
39 0.15475472888858832 0.8775727533848721 0.30950945777717664 0.18158179973639943
6 0.32504795241414053 0.8994039199292019 0.45538753199266174 0.20119216014159613
40 0.7088555488845619 0.187113408958436 0.5822889022308761 0.374226817916872
28 0.7999635153212681 0.5461017761327913 0.4000729693574637 0.5978965618879174
28 0.19536230494130752 0.43598961866777136 0.39072460988261504 0.40060693498635536
86 0.5 0.48865608744321937 1.0 0.9773121748864387
44 0.4797907733149679 0.6785146182899796 0.9595815466299358 0.5623105372751882
72 0.47981262848431094 0.5843358495798476 0.42951040582771255 0.2939240568201916
29 0.4901352267858749 0.3546878479677663 0.29934046201031095 0.2086811887377757