7 0.3238420428259986 0.6295903501072013 0.6476840856519972 0.33765808911072337
7 0.9423134584459705 0.4115669817470663 0.09743935606336007 0.23382496740547576
7 0.3238806050984646 0.10560625814863102 0.3139950707122152 0.14863102998696218
28 0.7679726205997393 0.47653194263363763 0.2512059973924382 0.10299869621903524
28 0.2099364406779661 0.4185136897001305 0.16148956975228163 0.1929595827900914
80 0.40374017380236943 0.3852672750977835 0.25120217399910494 0.11082138200782288
80 0.7679726205997394 0.31225554106910036 0.3516883963494133 0.16036505867014345
50 0.7823272490221643 0.5104302477183833 0.37680899608865714 0.9608865710560626
86 0.36155720338983044 0.45045632333767927 0.5221496088657105 0.2959582790091264
71 0.09420224902216429 0.15058670143415906 0.18481584093872228 0.2073011734028683
3 0.4991037746866712 0.16688481675392658 0.9801808259630922 0.21858638743455483
74 0.49717931937172777 0.029450261780104712 0.9871531413612566 0.04842931937172775