55 0.4233080969905422 0.3037938526564694 0.20387791887703466 0.08806444804395847
39 0.7229560823767038 0.6508826433994948 0.3500282330655351 0.4405250200524309
15 0.6863450531689682 0.46989643105334833 0.11755384001454461 0.09208083125116251
4 0.4210484715537618 0.3515044348353772 0.18770890815892755 0.10875450005021797
44 0.21463958285995746 0.685338558162744 0.4292791657199149 0.6293228836745118
50 0.5 0.506017265744537 1.0 0.987965468510926
17 0.4291523339973013 0.39066555857547736 0.2471792030197021 0.09349144543726556
78 0.5 0.6550885757998304 1.0 0.6898228484003393
83 0.7481412363731674 0.19432629731095766 0.4634779903365335 0.3886525946219153
83 0.15593604047660442 0.23404543801245575 0.31187208095320884 0.41571468310800075
10 0.4335908642025538 0.44891357179587044 0.14116274848961374 0.07883808522046165