12 0.19158531700624354 0.15960643548911493 0.3725088470851182 0.31921287097822987
85 0.635986968725595 0.3165856045504254 0.07188767224449655 0.0551725949838916
85 0.7693059245244793 0.31461515472957213 0.07711586658955072 0.06962256033681552
85 0.9339940463936897 0.3257810370477407 0.08495815810713236 0.06042712783950033
85 0.21707789682811993 0.25024712724836534 0.0522819434505431 0.10377702389827226
85 0.07918427097731301 0.0886702419383972 0.06404538072691522 0.16945868459338131
85 0.2105426538968021 0.10180657407741898 0.0522819434505431 0.10377702389827229
12 0.7764946917489295 0.3336628363311537 0.4417824221570883 0.19967224851313115
12 0.4170563305264463 0.3349764695450559 0.31630575787578463 0.15238145281265292
40 0.641868687363781 0.6239757766035356 0.3581313126362189 0.13661785424582684
40 0.3628138141965085 0.4781624898603935 0.16860926762800105 0.07356345997852187
40 0.13604088447977844 0.4137944623791865 0.17775860773184593 0.17602685066289175
40 0.24191181996712785 0.4407239432641809 0.06796652648570589 0.08538615890364076
50 0.8699486656667745 0.6285734928521933 0.12678371286756673 0.3743854659621215
62 0.19159044939598016 0.7513981983520471 0.3672806527400639 0.47553522343258936
50 0.6653955619165253 0.4873579223577089 0.031369166070325694 0.05254532855608712
50 0.9555603480670385 0.5241396523469698 0.028755068897798775 0.06305439426730469
50 0.6281446772080135 0.46305570790051864 0.016991631621426362 0.045977162486576406
86 0.6470968817088353 0.7671617969188733 0.3110775635307305 0.4492625591545454
50 0.18374815787839874 0.6614143231997477 0.34636787535984687 0.6738938387318185
74 0.6889224364692697 0.12348152210680495 0.6064705440262976 0.2390812449301968
40 0.5333836547039046 0.47619204003954024 0.12024846993624883 0.10640429032607635
77 0.7708941012495982 0.5850147822875569 0.4576737005315282 0.32314687209461407
16 0.4934981432639185 0.25914252179302877 0.9762626461441555 0.3547549026072504
19 0.3570313217598969 0.6323605048333707 0.6639635738561057 0.6422514407796696