39 0.5986061022365126 0.33858574128380525 0.061736578888074156 0.0888497467408636
39 0.4943558221164393 0.34180802465645393 0.05751239919608586 0.08202798151166169
15 0.20941343928379316 0.6084886718175665 0.12002264419640324 0.14586943992691026
39 0.10799629689067927 0.8967419334708489 0.15309692898058852 0.14617503417805056
39 0.34241366780624516 0.8310742997221481 0.12723862079415565 0.15494869983944792
7 0.7179154147415581 0.676430173218756 0.5440868832287408 0.5816865347500346
71 0.7841511962620071 0.19559429782779145 0.3601362472485432 0.3911885956555829
71 0.20242937391425417 0.10650642861585999 0.39142203237241663 0.16275148506912146
40 0.26441658649113586 0.3689799994284469 0.24116648924293949 0.376756833486538
40 0.5319386527126382 0.06006400008582713 0.12651929997445754 0.11999497964688588
50 0.5335987829122834 0.2771466642033886 0.215843777304477 0.5542933284067773
50 0.25512087790433263 0.5395880004997183 0.4108565584207936 0.7450476345194434
7 0.4019204419699135 0.17632860116292848 0.2070228689831397 0.2583937864265542
76 0.5698067280105421 0.8231748196810129 0.8603865439789157 0.3237867461949113
76 0.32321905709756793 0.3577690031387723 0.6419800073127628 0.08818025855107792