76 0.404898318395039 0.8989935192062094 0.23250377858131732 0.2020129615875812
39 0.41138958640274054 0.9711051144312061 0.11623580621164342 0.057789771137587875
7 0.8151153406248495 0.8623261966969377 0.13257751556981967 0.2753476066061247
57 0.29535256640576574 0.28938161328728773 0.42917574265698744 0.5787632265745755
40 0.7542635696696747 0.8715323915591188 0.20153487589564179 0.25693521688176246
4 0.6549086010184257 0.8974748175991529 0.0791573284935766 0.131336630608216
62 0.5274413969026732 0.7960417402790454 0.39341998525567123 0.4079165194419093
4 0.5162360264138084 0.11549146002896613 0.06811864922070843 0.16678650701435765
86 0.6961684766974572 0.34783333009487466 0.28351313481235674 0.4663744764895733
86 0.34152347262248733 0.13142206911564552 0.4868721860754456 0.26284413823129105
50 0.4583228494141881 0.2270223494006931 0.46283733984320885 0.4540446988013862
50 0.5681411279004234 0.8363553121722593 0.5186893771838762 0.32728937565548133
81 0.7861215114524779 0.6932216076282153 0.23360447463419143 0.26891336644392205
37 0.6089655590436662 0.5713156574580014 0.16872984192878726 0.571574376227881
58 0.6404347918584739 0.5 0.660238375640611 1.0