7 0.44006367703118554 0.4287132199081142 0.8801273540623711 0.6177934494701047
71 0.703806489915482 0.7693549216219664 0.592387020169036 0.36983164581376604
74 0.1844751734837894 0.6799238318143894 0.3689503469675788 0.4119822806310236
71 0.9128784871249804 0.21820664513540414 0.17424302575003914 0.1840768342955869
7 0.8403736986352955 0.4700819101166936 0.3127421737007745 0.4709368905124488
50 0.6904874574461235 0.4327232849276722 0.08513190514760305 0.06688137184697074
50 0.4574892334938106 0.6374531134738003 0.08513190514760305 0.06688137184697074
50 0.8445405465855863 0.49535745862695557 0.08513190514760294 0.06688137184697074
50 0.7517269231486605 0.5240971773138992 0.08513190514760305 0.06688137184697074
50 0.7439356409909166 0.4757904659082556 0.08513190514760305 0.06688137184697074
50 0.7811097838843943 0.4168970149871315 0.08513190514760305 0.06688137184697074
50 0.7627467079431185 0.3555135629748506 0.08513190514760305 0.06688137184697074
50 0.610626841926299 0.573572564921586 0.08513190514760305 0.06688137184697074
50 0.5694742771990108 0.6464889798718939 0.08513190514760316 0.06688137184697074
50 0.5475710388236554 0.5965458021395162 0.08513190514760305 0.06688137184697074
50 0.6554607927038745 0.6485597085844576 0.08513190514760305 0.06688137184697074
71 0.9481831451965206 0.3998302794170213 0.10363370960695883 0.48597647897378327
74 0.12976333372846738 0.2649140253363517 0.25952666745693476 0.47335429036045673