55 0.4612743397781711 0.6751545780551412 0.22916080681982143 0.14623008101678137
4 0.5411471033036381 0.7848028358431351 0.2719458175994548 0.18812353275747717
32 0.6173975842270046 0.5662806813016572 0.32492963119319046 0.26084471579485685
32 0.8440373998820432 0.4743399135903396 0.31192520023591375 0.27107185633029796
32 0.9425430355629921 0.7216983194101942 0.11491392887401575 0.1801593798588036
32 0.43545324191944457 0.22521184852046092 0.35903411528605056 0.3011662720006227
32 0.15988371108603022 0.3051861587087864 0.3014225209989315 0.23879772195587673
4 0.6468399574185737 0.19895663674284728 0.12812681307135398 0.09120627396858666
55 0.5866041335080119 0.1701406136394529 0.07862071077101462 0.052686780978968006
44 0.7398669498043073 0.2569276112069769 0.4126283829747831 0.3245947754720315
44 0.6179800831475096 0.7750268341140096 0.7640398337049807 0.44994633177198073
50 0.43083818021864245 0.6177854319688789 0.8616763604372849 0.764429136062242
50 0.6526697451377589 0.1868010888879597 0.5117679855923163 0.3736021777759194
63 0.6409051810846207 0.22372804114739217 0.6537036322440742 0.44745608229478434
83 0.42167420019519075 0.31470262546135 0.7942111518425574 0.6294052509227