22 0.6289390374080471 0.418179035923793 0.7421219251839057 0.5726604872440288
51 0.9361695621352133 0.7368859917662784 0.1276608757295734 0.1530175107498427
51 0.9807716863282783 0.8202644959526886 0.03845662734344335 0.15455306391237233
86 0.5083145173394481 0.7490871668848066 0.6724889289779847 0.2762088353381107
32 0.1627054972765999 0.2565807785126337 0.13336209974593505 0.07352175064158134
32 0.00012112463808164331 0.40281604768274537 0.00024224927616328662 0.1373847593096627
32 0.14693055030518584 0.48227327019113053 0.16825716016845066 0.10453473363489119
86 0.5 0.4087057572913759 1.0 0.6222101829238991
29 0.17489312080344843 0.3603721634814849 0.23821256140521374 0.1539444484843816
80 0.41725762812644557 0.744429308503182 0.14192617223152493 0.15241109034941824
83 0.1306383342159823 0.45288804165430174 0.2612766684319646 0.7328106891326367