39 0.6202495433478399 0.7898404420438319 0.2001607941719511 0.22945303284286356
39 0.8525790365831405 0.7776929285403862 0.17156639500452953 0.19705966350034132
36 0.1850785310186426 0.447010616502142 0.3449199399570229 0.23485192773328367
36 0.8883220355424173 0.5387918296392873 0.19301219438009587 0.3104364561991681
36 0.4763839725367501 0.09608244862482149 0.6415868313190219 0.1619668467126094
36 0.7480307646272553 0.31203824424163407 0.17692784484842117 0.2456497175141243
28 0.9553289189246181 0.8802719314583718 0.08934216215076318 0.20785745328118233
36 0.7647357217286745 0.909965853355684 0.18944402858314036 0.16736574160302897
50 0.42991807388968994 0.5252945924132364 0.7130728292375759 0.8827193145837213
80 0.062280399317161124 0.7711633750341708 0.1216210243052495 0.4557684880268966
80 0.36642884327753866 0.7341404886561955 0.47349061905747436 0.3075903764647221
36 0.3115040744570476 0.7112402350511323 0.24629008337386984 0.3324136330436802
80 0.6181941364222046 0.5286141354430466 0.29377495579584456 0.16037332472597382
29 0.5708580471915077 0.31950324108701095 0.1686346987095474 0.1775081027175267