40 0.22405395290182592 0.17234372700478073 0.27905179958576115 0.1995646536987623
40 0.010598126296422455 0.37128434784821285 0.02119625259284491 0.15834373091671966
40 0.23386206238723695 0.3936334319243141 0.19406557834056493 0.12930076162175103
76 0.5277457090957772 0.7286484993075232 0.5421017440370772 0.4030042692828759
7 0.5505811223370337 0.5371979950857793 0.8988377553259326 0.8672214556121458
0 0.2577239261801896 0.42782297874237585 0.30539477297780965 0.20276073223398883
12 0.015634747786136938 0.0963492548293399 0.031269495572273875 0.040528844741845094
44 0.5962292939416914 0.3462322900754988 0.7287419159262105 0.49979049031147227
50 0.5 0.3078005422896309 1.0 0.5861850287141696
86 0.08308225389822296 0.39307530780083233 0.16616450779644593 0.24611073769581604
22 0.21842176155069948 0.5047212905235514 0.43182032856953856 0.23700606322553208
71 0.08853898928541162 0.5407943094181659 0.17707797857082325 0.2012801833952464
71 0.2129055269255103 0.6089735355739142 0.1848502298560507 0.11766556414723106
71 0.11603093744175999 0.27695338396551705 0.23206187488351998 0.16734426057829244
71 0.7880234155888473 0.9322879832789166 0.3495982459234753 0.1354240334421668
71 0.30020124140703963 0.08438235022397814 0.35027854201851816 0.16876470044795627
58 0.0799158267571908 0.12884724241209378 0.1598316535143816 0.25769448482418755