50 0.6274965989506578 0.720256865952783 0.19570438482124475 0.24989838582557977
63 0.3121950900719857 0.5089553512363899 0.09629898300727924 0.06803516263314219
63 0.5537191522918551 0.47820869120025844 0.13823563689754587 0.18447996021678909
63 0.9513407595477177 0.39839821195753405 0.0916393547972495 0.1347619567541084
12 0.5080671237399662 0.4311099935482751 0.9664315465729496 0.8412860909017373
31 0.49741733097792507 0.9214245185346206 0.9667712037510878 0.13791813891109783
31 0.4099527576133143 0.7782523552840523 0.2525046227006425 0.13791813891109828
21 0.44831264580918534 0.42229220628493314 0.6689367065886612 0.8288223395514549
21 0.332127230577784 0.5181781504802675 0.21199272453764537 0.39799234371488207
83 0.8553514830628199 0.424919218454669 0.27281461975945176 0.8393303882303972
83 0.06700796789586852 0.4328002549638746 0.13401593579173704 0.8393303882303972
83 0.5278507893841784 0.5240889278621722 0.15740897241550866 0.37303572810239966