32 0.35473458244322037 0.30796404915432346 0.1753508081920424 0.0711177491569287
9 0.15963781242872763 0.571728451405551 0.2872535765866901 0.07627041081962715
9 0.10603885801207175 0.5684004209805948 0.2120777160241435 0.08100868115028781
9 0.09409040927924409 0.5369581327351833 0.18818081855848817 0.07077745845207406
9 0.10183482713261788 0.48528215085922 0.20366965426523576 0.08408919215369481
40 0.758227364947776 0.385352884903445 0.24196303746285208 0.1295271607557607
40 0.8965951210347722 0.1436726639622738 0.20680975793045553 0.17266386381160037
40 0.50005039205676 0.7456953880945061 0.33814020339494516 0.18878740387960136
40 0.9949445060746609 0.5405992238772184 0.01011098785067821 0.08160880904803863
40 0.9902758643287966 0.4753392563358404 0.01944827134240701 0.06191336345985049
40 0.7992195668073919 0.5509093274797837 0.1933280562516444 0.10654897643762817
40 0.6328046704195802 0.498275400285722 0.23561855835716738 0.12471697449149233
40 0.5155888539423799 0.6222843557456188 0.19527514973423676 0.11452311418136918
20 0.1345675877110128 0.4247236719929096 0.2691351754220256 0.15533685990707147
40 0.20909735140940258 0.31480290928029897 0.3958657064875641 0.21604787794428199
86 0.2091002189072998 0.3176507679249493 0.4182004378145996 0.2353373747123459
86 0.34432590411249925 0.6600614570441137 0.5872486723374072 0.20671585727699615
86 0.7009087773765412 0.5663039257772624 0.2694773176958587 0.1012114833529213
86 0.6536888455094354 0.4033736658605098 0.5348712989937887 0.19702278562159492
50 0.6913259672846513 0.18771287208112777 0.6173480654306973 0.2700642901843468
50 0.8965581602155505 0.4938099075853842 0.20688367956889908 0.1052755251586478
50 0.8578827928946786 0.5625988453325128 0.2842344142106429 0.13311753101530932
50 0.7733519566788343 0.6798009896921726 0.45329608664233145 0.1956248634872374
86 0.8545881609058785 0.7518031406186931 0.29082367818824306 0.14217352145891915
79 0.019721798490296927 0.6054031683353226 0.039443596980593854 0.34243076443288895
50 0.2848628970051894 0.7925062129462652 0.5697257940103788 0.21090837742624002
19 0.5 0.6844675441701767 1.0 0.5189799983196948
47 0.7424485510244798 0.28481831509430156 0.37545077969444485 0.15720281323571017