85 0.4511325895277014 0.06832208323456224 0.21019784271583503 0.13664416646912447
85 0.5284125135007519 0.08645803938005348 0.20742052782171144 0.17291607876010695
85 0.6011554595836617 0.10968583520497799 0.20755733955698236 0.1996344813435551
85 0.3839712321141623 0.048673483324541245 0.190317227040379 0.09734696664908249
85 0.18032879885182768 0.324964914008942 0.3430823837907234 0.3058019086219163
85 0.33352694823199014 0.3878500134389952 0.333212499150285 0.2917787114939473
40 0.5291416738828675 0.5383881040107545 0.07432142481389753 0.05738576582729016
40 0.6691025355185063 0.5889087175111367 0.07132384965344707 0.055148084012385135
83 0.8398754334406043 0.48248648952946366 0.32024913311879133 0.24866984296317118
1 0.5455108621074872 0.7326771414153558 0.5808501741330179 0.33276878646852537
40 0.7401967120863501 0.6571784135388083 0.0696734849535472 0.0543915079042776
86 0.6868382033333584 0.6316679377024701 0.14085593365438487 0.13106238177430762
50 0.47102054092615175 0.5977906373729847 0.2513851438410133 0.23354251806287907
50 0.6351042095152053 0.6152970153704729 0.18850566361176913 0.16758600702382542
50 0.7191656674368243 0.7104983668593223 0.20665357517233163 0.17590554772873934
77 0.11401983333882901 0.6364544663262468 0.22803966667765802 0.39454084715485604
12 0.36419457575050573 0.2787524059272251 0.7283891515010115 0.5575048118544502