40 0.3387489099110996 0.5840483971995423 0.15878692911599568 0.13365025563538246
40 0.3220248839962024 0.3346148929656322 0.05554653065446502 0.049628212614909295
40 0.48317959071465827 0.32661055428506147 0.05387012306313432 0.0391845876410295
40 0.5986383569146863 0.3446381669345786 0.03436690694218936 0.031150118435590735
40 0.10689256573626965 0.30977006839218146 0.05287642922791669 0.045545134110077934
40 0.6863843824452269 0.4896818357052902 0.06427047199399405 0.06010905923986248
60 0.5817380688312681 0.6223763212644551 0.15446525406860012 0.2110190409449717
14 0.6122922878667454 0.8219741275957518 0.1676891903787755 0.18633220701559172
14 0.11165294840894147 0.8312448930814393 0.22330589681788293 0.23493479245161175
48 0.8958821086183946 0.7088819932378079 0.13951045655832095 0.0809637555234638
79 0.8717552147643967 0.8735350824678018 0.1747184583904502 0.2529298350643965
79 0.32595964696459834 0.5217794140472544 0.6193055353607086 0.39066750495042935
85 0.15925335029702037 0.20755793963868954 0.15511218407753669 0.17113334287637655
85 0.45911133566000695 0.16949522984150403 0.1524490010398869 0.2926807725580746
85 0.32844490053845476 0.1538244353421006 0.1906854038274423 0.3076488706842012
85 0.551415005836064 0.21041722445859884 0.1146624466522061 0.24275549377926942
50 0.10296193682420712 0.38986264774143675 0.1397021218022223 0.1989624318878424
50 0.2299752434563699 0.4825306730283506 0.17680972849443582 0.3803280109284681
50 0.33379114919805475 0.7615289335013302 0.30750273220828794 0.46959004880292887
50 0.4625422754567833 0.47572844499838435 0.17267068415139675 0.3297447386559814
50 0.30290914297647453 0.4038254809688473 0.1427216756310492 0.19459990071566824
50 0.8460590790148623 0.6545941001713947 0.25566426969255507 0.572383741624729
62 0.7201132338439762 0.4908107513997497 0.12784070140671122 0.20884469153609736
50 0.5620835052623621 0.6994799199384272 0.3206118820054561 0.4758139935894619
62 0.5855550591363923 0.41963275010404255 0.07466165269277769 0.10529955651137379
63 0.980600802676588 0.27443946226643035 0.038798394646824 0.09177643257038204
85 0.7887147775277463 0.3322566328048886 0.10832951507530753 0.1992778126955439
27 0.3357154786405169 0.6384152331297386 0.09109945960000237 0.05996516457537748
85 0.6221530432596982 0.21151854785938326 0.11466244665220604 0.24275549377926936
83 0.9479518453200982 0.2180006247561763 0.10409630935980352 0.2778127104400892
83 0.7190897630020279 0.2037256494789779 0.13815183379595075 0.2647726944357364
48 0.684256742514929 0.9793202139937086 0.06371935169272569 0.04135957201258278
48 0.7494730556784684 0.9701207984539346 0.07582398818351277 0.05975840309213076
2 0.7398266764503002 0.9669154113799785 0.1826934935049358 0.06616917724004301
50 0.9700305494493311 0.43140092790425266 0.05993890110133793 0.13374711914291798
78 0.47457354251113604 0.4557234313048521 0.11217860576409816 0.1852383503809475
78 0.08920686120811433 0.5013998096028048 0.15498669834692924 0.30257728341401813
78 0.3198737156525946 0.8202582768475286 0.23044138825124755 0.33454384290635
10 0.3368531113437013 0.699298880042017 0.06950640072737058 0.04665983626017267
48 0.3822287545208387 0.451298999264298 0.05838120591377022 0.044233368495599446
48 0.186299026376361 0.5238648054169323 0.04817218560202613 0.04848202376080196
48 0.38197969712454727 0.5008817623415946 0.04817218560202613 0.04848202376080174
48 0.34499326709378486 0.5103295764020837 0.04817218560202602 0.04848202376080191
48 0.30633983321926356 0.514965605737987 0.048172185602026185 0.04848202376080191
48 0.2733964965425949 0.5372119951300083 0.048172185602026074 0.048482023760801796
48 0.23470565080282868 0.5496377114686788 0.048172185602026074 0.048482023760801796
48 0.25714929939573 0.5015970678094144 0.048172185602026185 0.048482023760801796
48 0.2208719550315436 0.5142198877522641 0.04817218560202596 0.04848202376080191
48 0.4160549607585159 0.4943132987571978 0.048172185602026074 0.048482023760801796
48 0.39918481244859505 0.5381334685044132 0.04817218560202613 0.048482023760801685
48 0.5341425193818077 0.48993022839656974 0.048172185602026074 0.04848202376080191
48 0.5309207472900246 0.45693759793909616 0.04817218560202596 0.04848202376080196
50 0.6490522205652609 0.4021757368606989 0.052822174914432196 0.09083445278096602
50 0.67293828041993 0.38308603729965157 0.03957681678877878 0.09734227117167948
50 0.7162640749524527 0.3912999737170331 0.07466656342189715 0.11538700439545502
50 0.39274845107153905 0.39838819012781357 0.04393760952553649 0.05064333026911361
8 0.890705976264373 0.8590837370632817 0.11946882380617208 0.1494039863954162
8 0.894488137282359 0.7604247876307417 0.14081994905720963 0.06766286150885925
68 0.5 0.5744625319128682 1.0 0.8510749361742637