15 0.5677250255614782 0.5753646998016277 0.17613686328211658 0.11276583040964194
39 0.56753839286214 0.6399162897138246 0.17048802920731793 0.13019915674119387
51 0.2666166463337577 0.8907985541081433 0.1567532504236307 0.11855984360347316
51 0.2526096919679641 0.8259916379093852 0.19116269451267748 0.1460240351397647
51 0.34620779007155417 0.8849924275644803 0.15365671767607048 0.11227696714304236
32 0.33246528500755723 0.9526079251103885 0.20807464855768165 0.09478414977922289
67 0.5199537102554099 0.37451714714925943 0.49928155213116504 0.41159622559442194
57 0.4874572560689271 0.6636372022820006 0.9749145121378542 0.6727255954359987
80 0.6755353291393456 0.6497406692196763 0.19272206536642944 0.15314600312684157
32 0.3674968862217468 0.7882864785776882 0.17447673647275913 0.12483399701921827
32 0.2005046684222061 0.5240258941737858 0.14616517281349573 0.1036081447399071
58 0.5 0.5 1.0 1.0
86 0.897508491688559 0.53055042649984 0.2049830166228821 0.35050351985198913
86 0.7715206361285043 0.5704208836857094 0.4569587277429913 0.316572449052538
80 0.9445551600283315 0.5287446077703004 0.11088967994333698 0.2351549659415716
37 0.1076277974963723 0.46167875155153343 0.2152555949927446 0.14616486780432647