73 0.44844716238106613 0.12453395795731526 0.1583798263496735 0.14028828064395582
40 0.9158123742591131 0.2912297855400271 0.1683752514817738 0.1829695469434473
0 0.45819833874118476 0.9683677140716225 0.13781052075004624 0.06326457185675494
0 0.5295677075980829 0.9372402890030576 0.1919209096489723 0.12551942199388488
22 0.5060533771063606 0.6332867865943178 0.9878932457872789 0.7334264268113644
59 0.854555290449984 0.4069050136515586 0.12168275663435801 0.08180210133466587
81 0.28670782819994156 0.28954856978322036 0.5734156563998831 0.5790971395664407
39 0.019904123979141652 0.7691720905678444 0.039808247958283305 0.08952355184065808
32 0.012005929679574617 0.8340699458407485 0.024011859359149235 0.0537045602406907
32 0.44035455126393747 0.8824635652435542 0.2784322571375474 0.23507286951289164
74 0.7322618110279148 0.14722723875862873 0.5128739616939664 0.29445447751725745
86 0.6571087806491485 0.4378312235781945 0.6857824387017032 0.6975258647885327
58 0.12391786362583063 0.5728669945822329 0.24783572725166125 0.34151337568830453
74 0.5221277726844649 0.21420994101880259 0.22628029661095594 0.14172316519840333
74 0.9981559138424159 0.2315459114484408 0.003688172315168159 0.15887070020737787