81 0.08210667158455898 0.1861394772589198 0.16421334316911795 0.3722789545178396
86 0.30907721280602635 0.5704041720990873 0.18064030131826744 0.24119947848761408
86 0.10192090395480224 0.577574967405476 0.13092278719397366 0.2998696219035203
86 0.9148022598870057 0.5117340286831812 0.08949152542372873 0.23076923076923084
80 0.6703578154425612 0.5430247718383311 0.2469303201506592 0.1525423728813558
28 0.6247834274952919 0.8552803129074316 0.35133709981167605 0.2737940026075619
84 0.2096421845574388 0.878748370273794 0.4192843691148776 0.21642764015645355
32 0.6811321750276187 0.2972620599739244 0.05634651600753304 0.04432855280312903
24 0.7001872081547407 0.34419817470664926 0.0679472693032015 0.049543676662320735
39 0.4839171374764596 0.4139504563233377 0.1789830508474577 0.13689700130378096
39 0.48062495178277664 0.5958279009126466 0.2054990583804142 0.13559322033898302
86 0.6662146892655367 0.5971316818774446 0.31819209039548024 0.8057366362451108
33 0.49496521492784545 0.5314136125654447 0.18800789773599702 0.1701570680628272
37 0.9117393833624199 0.6812827225130889 0.15972076788830714 0.11649214659685858
37 0.31611401977894127 0.7015706806282722 0.2562187318208261 0.041884816753926635
12 0.2662012798138453 0.3743455497382199 0.405956951716114 0.13874345549738226
81 0.5723327515997674 0.10274869109947646 0.7919488074461896 0.19502617801047123
81 0.8776768934995054 0.3095549738219895 0.22135541758306043 0.2552356020942407