51 0.4658479775759249 0.43038666863660324 0.1035068505098693 0.060108260227378196
32 0.43895700152436695 0.7810247574341046 0.3158790076936836 0.19695354181736602
32 0.25315855151397093 0.7981684480812092 0.3302373725755334 0.1866818503764328
58 0.849197457794621 0.35507065613175287 0.30160508441075806 0.7101413122635057
67 0.8307855216931272 0.3653181737700465 0.17971748913721097 0.14816531996821802
67 0.8343033805008508 0.5070715986510668 0.17864798031459173 0.11399360756438598
67 0.8489309254361415 0.6131799288913602 0.2635908133570767 0.14981353040951118
50 0.9411558152678061 0.6846473391680203 0.11768836946438777 0.06904548571749947
50 0.9660201294714639 0.6979760882294839 0.06795974105707225 0.06164001890140469
50 0.927218804897228 0.6587970592357686 0.14556239020554407 0.07475307765755179
57 0.6121937646532756 0.5608259487899341 0.26292970974252683 0.14370701910190797
86 0.3108764229837965 0.32621395156579025 0.621752845967593 0.35147164774326
86 0.36620310995483707 0.49864496875169717 0.7324062199096741 0.3658694578309703
86 0.760302852517234 0.5814612673833881 0.4185962654410008 0.16117189758190342
86 0.632388647495673 0.5495342685810607 0.352063120792944 0.1667914962930448
67 0.790487804407696 0.44270612220977174 0.12904655134882337 0.09881571396273403
47 0.5 0.5081685212505191 1.0 0.9836629574989617