8 0.8420527511607232 0.3560841978240137 0.19541308571240412 0.08400319196558909
79 0.8411329514709708 0.54574765468382 0.3144923038955978 0.48958110317444853
39 0.4236910994764398 0.5818427762315344 0.14744805558299584 0.0918784912123628
39 0.644857694435097 0.45058778878530137 0.08527116467450357 0.08400319196558903
69 0.34568195420667686 0.2782249654347897 0.3193631214767624 0.297072139029405
69 0.4658892445612176 0.25248145213705564 0.152572653547896 0.2009876832379996
28 0.31887176571090015 0.835821176939995 0.17942474233593464 0.21132052978843496
22 0.5488192379635083 0.5621545281145992 0.6997091183205846 0.6090231417505209
14 0.13854574708866083 0.3823351953132603 0.16342130581591474 0.2835107728838633
86 0.405926273502585 0.31539515171568144 0.39260265402219374 0.5118944510403083
2 0.19008363792024768 0.8423839263123065 0.2131779116862591 0.21132052978843496
31 0.7088220447726479 0.9349186924619008 0.5578155355790444 0.1286298876973082
83 0.8020908113952839 0.1605142665291268 0.3783811885153956 0.30451157087526043
83 0.10487284581994609 0.11982522042079452 0.20974569163989218 0.23363387765429466
70 0.4705428632578561 0.6054686739718562 0.08173192051932382 0.03937649623386952