20 0.7212023176938491 0.7640383461975857 0.12612897601556528 0.20196504598722864
39 0.472008730986648 0.45097892916418814 0.12081757219236033 0.12305215215649379
32 0.2957112057028195 0.3381765668198766 0.05816497552967331 0.07195054748966462
32 0.6741612558523827 0.4431496219085802 0.06188061859801919 0.07897028096257697
81 0.7996060251020161 0.40115379877719815 0.27256394592531485 0.41162053645877483
81 0.948428327388918 0.398639674911732 0.10314334522216395 0.34217378918845887
81 0.3934323677769406 0.1462538160839173 0.08145960262537716 0.18672142059783847
81 0.42681180715557354 0.16999894894830955 0.08250389611088149 0.17362719182190695
34 0.2670031706858439 0.4832150912300202 0.42539958134161554 0.7592867108403206
34 0.5886327827015253 0.5273691031183831 0.3476497415085482 0.7375202154638568
34 0.5332161191592404 0.284666888097195 0.17973006687190501 0.26125748677757965
54 0.2585901970804222 0.07843600859737915 0.2996882044492215 0.1568720171947583
37 0.8344214739404812 0.7487733639216199 0.33115705211903756 0.5024532721567604
74 0.6564416379808686 0.14104170827712126 0.5403625265517835 0.2820834165542425
73 0.40533129718151123 0.7742211034121927 0.08314924940767088 0.1425596729565195
73 0.5104781514131178 0.8193008848654723 0.11767895385926641 0.10689687361317213
73 0.1508583559982 0.7575420317633288 0.12247592363217591 0.11757537384822203
73 0.28542771451942006 0.7457232406666828 0.09272613707876132 0.15554088128825838
37 0.11533882014453603 0.49492439770085106 0.23067764028907206 0.65143110906446
12 0.16413576309156733 0.1355088098938247 0.1870672593609189 0.1981607835863518