32 0.5810874581696346 0.741465405483267 0.09069048870794816 0.1691406495266874
32 0.5002393315542484 0.46612016206773044 0.09069048870794821 0.1691406495266874
59 0.4904905985169491 0.31468027818918487 0.10426391831450088 0.11538276866936775
40 0.9398875205979285 0.05900255216047217 0.12022495880414319 0.11276043301779125
50 0.9323942149246703 0.184219079523252 0.12667578860640272 0.36057115209177437
9 0.049073130695342054 0.7919453667761153 0.05944017773069679 0.2937015929765727
9 0.1552471764914518 0.7893230311245388 0.05944017773069682 0.2937015929765727
9 0.10459533813000496 0.7893230311245388 0.05944017773069682 0.2937015929765727
9 0.21174345774075792 0.7958788702534801 0.05944017773069682 0.2937015929765727
9 0.9354803020206621 0.8116128841629393 0.059440177730696875 0.2937015929765727
9 0.8867766112885016 0.7985012059050567 0.059440177730696764 0.2937015929765726
9 0.8380729205563411 0.8155463876403042 0.059440177730696764 0.2937015929765726
9 0.9702799111346515 0.7893230311245388 0.059440177730696764 0.2937015929765727
33 0.709736800391856 0.6949189476677835 0.04579816972693018 0.04195737042522474
33 0.6766182906939868 0.7237646398351253 0.04579816972693018 0.04195737042522474
33 0.7525960482361573 0.6988524511451482 0.04579816972693018 0.04195737042522474
33 0.7623367863825895 0.7394986537445847 0.04579816972693029 0.04195737042522485
33 0.7155812432797153 0.7329428146156433 0.04579816972693029 0.04195737042522474
33 0.7993515913390312 0.721142304183549 0.04579816972693029 0.04195737042522474
9 0.2823638093023906 0.5185668750992609 0.04093277525247574 0.2478107190739835
9 0.31256009755633 0.5487237350923911 0.04093277525247585 0.2478107190739835
1 0.5021837482344631 0.6824628533227949 0.9870967219868171 0.6332940598557348
86 0.5041429110467215 0.46874249771930676 0.4686691489371902 0.8561925902397407
86 0.8254944336970018 0.3368571362767453 0.204164295392954 0.5232732214007694
79 0.2057329706446917 0.6974250903982127 0.19196191799513096 0.17496948340588248
45 0.07994696392276425 0.131635919758631 0.07413108344625113 0.08339666966074759
45 0.6462629397035564 0.1300006909417536 0.052256337511291884 0.06704438149197353
45 0.3223929973412839 0.10628987309703128 0.21630511859125612 0.20276837329279812
19 0.20268424157400933 0.2755360556438426 0.3973912178184281 0.17496948340588225
19 0.6726224030271005 0.28125935650291345 0.14096188027990664 0.17333425458900492
45 0.19053160494347643 0.05886823740758655 0.13003321194670284 0.10138418664639903
45 0.7945136040436225 0.040063106013496386 0.24425618284148165 0.07685575439323797