52 0.3568789995362599 0.21421743516341438 0.25897501426188674 0.251570901291252
32 0.35320748771952815 0.382532748354451 0.08400323422973965 0.06512497312319876
76 0.8225006471593441 0.4920119987469963 0.14607059570543302 0.32828655838569953
8 0.22478512741162907 0.5992934270944131 0.2679805661402948 0.20017827064038846
22 0.41980175097733075 0.6408239428947327 0.47692762330632044 0.38431087030489397
22 0.6150876134687931 0.428252910322938 0.24337927506040574 0.17447019331293045
44 0.8588314218922678 0.40577496567349486 0.19943345300274795 0.2244586037174353
50 0.8638439486931031 0.45882670899552114 0.2723121026137937 0.4506654448578773
43 0.24089029748366428 0.819131874680546 0.38465097351121574 0.361736250638908
34 0.07631695287130125 0.46509010502340553 0.1526339057426025 0.23841809251512064
34 0.44401896771898786 0.6553128291680883 0.5310758446046728 0.6708519918635573
34 0.6153577439339767 0.40147147554614027 0.30072413879693066 0.33998742797642073
86 0.284866988649345 0.28695424145466997 0.18342850689726403 0.1877427152676468
83 0.4358392339995073 0.10584994694034094 0.8716784679990146 0.2116998938806819
63 0.22201422124363834 0.29954632123653163 0.11178665324920489 0.09727328411300096
39 0.8165671669094217 0.35315926028193734 0.14261393938357791 0.06147306026061261
34 0.5082036738969232 0.3601819753751794 0.11523036914058654 0.1562378126668959
34 0.6305107216459066 0.2690362879537973 0.11099812564799927 0.1371348817498797
34 0.6916774884227268 0.2197700736558574 0.10596292807038954 0.12900213816245548
34 0.757566511422713 0.3886100315863322 0.09214401719417198 0.13189783733700677
34 0.21867218225664564 0.4182018885863772 0.15663413015992678 0.16109526944069313
19 0.7443248116718244 0.20231031087999346 0.373102634168216 0.2470712348858667
31 0.8007831441330517 0.8202642780840875 0.39843371173389663 0.32234043726203665
68 0.5 0.5 1.0 1.0
83 0.09975399755787384 0.2767985323814187 0.19950799511574768 0.20750341500471903
83 0.5447790966396544 0.16722653308060179 0.21272918477174435 0.11260136978825147
83 0.6961193845314205 0.13087352687479312 0.12622472196382506 0.0764700671039133
34 0.41666471184017073 0.3575371074382909 0.10515857732781231 0.10793930430335341