82 0.7679501872187626 0.44701170741682933 0.46409962556247475 0.35047072513709987
82 0.25132859416602227 0.24334402404229066 0.1738981021967288 0.12357262263746871
82 0.9055042417516814 0.5197749369929335 0.18899151649663726 0.26291269941610174
82 0.5121789313433112 0.40483990738125264 0.19939065395962785 0.14164223099500478
82 0.3962521357173882 0.32090649926467507 0.12475064280079728 0.08871404464046706
12 0.6054139712031787 0.21204471835767874 0.6121633897458411 0.4240894367153575
12 0.48203292753106775 0.1085292430932625 0.4467990333806078 0.217058486186525
22 0.44996549577807915 0.7901773642100376 0.6364709572200226 0.4196452715799248
44 0.3656870006834215 0.695361748886443 0.60167579409498 0.42825933371451474
44 0.350623147006236 0.47969115004786844 0.2492383072600058 0.17743952936168417
44 0.113868116907033 0.310209281175977 0.19857004314536914 0.14136108182506768
12 0.9484432088303119 0.37546268756731227 0.10311358233937629 0.312119837201166
50 0.3322150299180769 0.49077613852754043 0.3808389186803097 0.27124199207134203
50 0.3915678604354345 0.6784360898854336 0.7481709200226451 0.5328390759092128
50 0.13922348235341042 0.3325106822626781 0.27844696470682084 0.26050661110853685
50 0.6446333533753106 0.7733806865507213 0.7107332932493788 0.4532386268985573
10 0.5523679801091287 0.5605136573962466 0.09521085971666188 0.06764740199808994
82 0.5981733396713959 0.46178337764379673 0.04937457885442287 0.03505882618917211
45 0.8859194670146414 0.20938357354300635 0.22816106597071717 0.1844673491098201
77 0.16279821373101006 0.5425822784109895 0.3255964274620201 0.4384752160535156
16 0.5103402551415459 0.38374298585832445 0.9793194897169081 0.7674859717166489