63 0.43248378100162793 0.12481385591675576 0.26901968746086824 0.2163534914759913
28 0.8213926770048394 0.2428848162039583 0.08070590623826046 0.30474180811557305
14 0.8570833061647223 0.6373341695656742 0.09357206520378025 0.6160797592639508
22 0.6353775882953481 0.6444040897870291 0.7292369835615434 0.7048397501329905
73 0.2788329266551221 0.8380060767199878 0.07103224405346628 0.044562084493455556
83 0.502662829904463 0.33061351854025955 0.41639569015682204 0.1662228044266762
83 0.928415726581663 0.16398753066356891 0.13567949454548134 0.32797506132713783
86 0.7984808031913007 0.30506042085094004 0.4023521541062516 0.43632094849442465
73 0.26966497596174777 0.8042232180801212 0.060030703221416876 0.029394270410249335
31 0.10761171032357472 0.8959505498986075 0.21522342064714944 0.19853511417492453
31 0.9370467385721619 0.8704443906507743 0.11123780174627573 0.25230627376169523
28 0.14978428351309708 0.3692804825506248 0.29956856702619417 0.7362343817320122
68 0.4896507447354892 0.48371074627832206 0.9766923472008191 0.9651019539363307