32 0.3066584951584324 0.5420139896151934 0.13923268883117146 0.1084634365134064
32 0.37334636748488603 0.4857654316386837 0.08542420252473809 0.06383073338289852
32 0.2994644141078072 0.47104941053507277 0.05948377800067034 0.04579287816967442
32 0.5621058129447039 0.7269608100405729 0.12377633923660503 0.09156134234056557
32 0.48887590181023 0.8088071929489316 0.1712623881687761 0.14091997258342726
59 0.5506384852242003 0.5636385400516852 0.23349619800198662 0.18282834761712852
39 0.1777848787702848 0.7186281451793501 0.2142186043378596 0.1536946569327443
58 0.8160017493721962 0.23161942922031153 0.3679965012556077 0.3725707984502131
62 0.20079780350315274 0.49270110736735173 0.4015956070063055 0.5781627920935288
86 0.5786693877043563 0.6275917951057745 0.8426612245912874 0.7448164097884511
50 0.338529716228523 0.4914664780200177 0.677059432457046 0.8668383691469815
22 0.5625755908000933 0.7508256784243217 0.710805464660564 0.4983486431513565
58 0.8477706481157384 0.4812504839492261 0.30445870376852313 0.30076486289347226
40 0.581077654348315 0.12810962194512088 0.4590340049790538 0.25621924389024175