65 0.21465090445911153 0.5743687206387769 0.11440875596221484 0.07545315172090394
40 0.13070767757197238 0.19072591400698255 0.26141535514394476 0.18598486442183632
40 0.027219282500194175 0.5361955224113101 0.05443856500038835 0.17053341168875508
9 0.4109966221172112 0.44880280740877937 0.4541461284198021 0.17424031917397753
79 0.8440827354014555 0.5657986655507286 0.311834529197089 0.48540275537113897
44 0.6431478262792676 0.30347338245236866 0.7137043474414647 0.4279596019081582
44 0.5396629174130552 0.7337567854709542 0.9206741651738897 0.5058924607774802
39 0.6115917288609134 0.5577664464824567 0.2229118714500794 0.12224747507545936
39 0.6974391130515871 0.49390099743310956 0.18942946030899555 0.11272725096974967
55 0.15137581328428157 0.5784415805821478 0.06593032070132177 0.047725749489805125
55 0.34992171282343454 0.267915332463337 0.056152536356322946 0.04531876583540667
50 0.4393039918976981 0.6046009091859914 0.8786079837953962 0.5773672991332447
50 0.5 0.28894631509225005 1.0 0.5362568875805541
68 0.36219449549835103 0.4183993528481479 0.7243889909967021 0.8367987056962958
85 0.15227755005696464 0.4858587097589615 0.3045551001139293 0.534180741021643