62 0.42187588795180375 0.6021536564540704 0.8437517759036075 0.7013372089247615
38 0.8114774064086827 0.3633104137226321 0.3770451871826346 0.3283550439302553
12 0.6128696958813518 0.13577877026354712 0.1017079026765102 0.07057570776855604
12 0.5498604891026255 0.21099152260146495 0.11530601764374282 0.08010279582002905
39 0.2048181868114456 0.8305654367205149 0.3862628648374965 0.2769585494918432
50 0.6635685785663062 0.4983755400602582 0.6728628428673875 0.6492083586905824
85 0.5486206231737156 0.22147261724337303 0.7643811281993623 0.44294523448674605
48 0.44438285540918276 0.7221359619686343 0.8887657108183655 0.5557280760627314
47 0.4828720776672134 0.19802210181549174 0.3441408013353413 0.2525696936322043
74 0.643076901751739 0.069567440667964 0.2846840696628118 0.139134881335928
83 0.9509144553497211 0.28745249855909516 0.09817108930055785 0.26619565274926704
83 0.8582103096256298 0.586666153012392 0.28357938074874034 0.41794073834322765