39 0.790226871098741 0.5388212251051125 0.19310539984860642 0.12302759196936186
55 0.25873376925818975 0.4786941551752699 0.07836109220260001 0.05313787333521858
79 0.7134031583475119 0.7376359502691375 0.5731936833049762 0.5247280994617249
50 0.34891450684030756 0.6142753456673373 0.6978290136806151 0.5518840645295144
86 0.4824293182999764 0.2987636215228351 0.7431290830677864 0.495759363521691
22 0.7096513772922205 0.4520725309525415 0.580697245415559 0.5329368141896311
66 0.8186108880927327 0.5455891716056032 0.04583204770902549 0.03241150006179572
58 0.08480802028129886 0.3808581587408261 0.16961604056259771 0.42520212350465647
58 0.29897809516455826 0.06569387008155472 0.3181299160870211 0.13138774016310945
40 0.22616992542592645 0.16432089668295416 0.4523398508518529 0.3286417933659083
37 0.08895694700032078 0.5981170666384139 0.17791389400064156 0.22684800037011854
37 0.5895037976985767 0.19206380257602246 0.3225425257595622 0.21571695992588802
37 0.2784017683041572 0.3856095006041358 0.34125939168247726 0.2279989816961141