33 0.9841277655085539 0.349506858830004 0.03174446898289229 0.09157174737480395
33 0.9689535147998302 0.2564891357733339 0.062092970400339675 0.07290912964488777
33 0.9607950023716665 0.31430351872990697 0.07840999525666714 0.07940910486662145
28 0.6039589523248529 0.44544320616985034 0.3089018682573104 0.11104812293135757
28 0.8491751974087562 0.519406880054343 0.3016496051824875 0.23500117702207335
74 0.24783625040055116 0.7316395958642211 0.4956725008011023 0.24054772417289705
71 0.3387135498564343 0.18689381423808651 0.6774270997128686 0.27849367945762277
71 0.7205812429064136 0.2991690689911197 0.24444029292610803 0.2482082322265356
71 0.6381673807868462 0.7282248222774541 0.20994548288758796 0.3037989625424682
39 0.26669228518351995 0.29781898901469905 0.24485303540871106 0.12066565205930485
39 0.2274942938077249 0.6444401839443067 0.2053154768489528 0.0869561630917437
4 0.433694452974828 0.4933903729874018 0.15542924309113942 0.08355112446404556
57 0.610975964320417 0.5950911264307037 0.4552124675047791 0.3417569222753339
50 0.6588100731582794 0.5105408441983905 0.6823798536834411 0.44920899775642054
3 0.7481057668701249 0.5611341970851884 0.5037884662597503 0.7847528548911363
25 0.20756154605889146 0.4510460090151226 0.4151230921177829 0.43437124409998235