58 0.15993046501521077 0.7979139504563233 0.2858757062146892 0.35462842242503256
7 0.7741712052201026 0.5645371577574965 0.3468319139347229 0.513689700130378
47 0.5376898294489202 0.13689700130378094 0.9246203411021583 0.26336375488917857
85 0.019991308126901343 0.026075619295958283 0.029986962190352018 0.04432855280312908
22 0.44980443285528027 0.5013037809647978 0.23389830508474585 0.25162972620599733
6 0.39678910856049315 0.545632333767927 0.09595827900912646 0.04563233376792697
39 0.26688396349413296 0.5997392438070405 0.07796610169491525 0.049543676662320735
28 0.46529769665362847 0.682529335071708 0.2768796175575835 0.19687092568448517
86 0.43332171998249835 0.46479791395045633 0.26088657105606256 0.40026075619295964
75 0.05216851748681944 0.4596518987341772 0.10433703497363889 0.11234177215189867
7 0.15347158740738504 0.5300632911392403 0.11525930916470284 0.110759493670886
84 0.956427212310713 0.7634493670886071 0.07658997023748171 0.4414556962025308
84 0.8024302741376401 0.46677215189873356 0.07658997023748093 0.06962025316455606
84 0.9673403811576244 0.4699367088607588 0.05233848391101237 0.05696202531645489
74 0.8599696340571381 0.05775316455696194 0.08977299101398095 0.0775316455696201
54 0.8272574435488659 0.12499999999999993 0.15770042194092837 0.0791139240506328
84 0.6805665553471356 0.911392405063286 0.45855087987935633 0.1613924050632899