70 0.522753834723886 0.6316025843280046 0.0795335796493028 0.08920031664192696
8 0.9236624672774869 0.8226439790575916 0.14392179319371723 0.33900523560209406
8 0.8556325171713058 0.9162303664921447 0.23068660591191414 0.1465968586387435
50 0.05470999672774869 0.5287958115183247 0.09561927356020941 0.30628272251308897
50 0.17743782722513088 0.5287958115183247 0.1380071989528796 0.30628272251308897
50 0.3538898887434555 0.4993455497382199 0.10251963350785342 0.1897905759162304
50 0.27059268651832463 0.1695026178010471 0.11927765052356021 0.12958115183246072
50 0.4909113219895287 0.28664921465968585 0.13603566753926705 0.21204188481675398
50 0.6949648232984293 0.456151832460733 0.2582706151832461 0.44109947643979064
50 0.4332725121606141 0.4509162303664922 0.08970467931937165 0.16361256544502623
50 0.33318880890052355 0.34489528795811525 0.12814954188481675 0.1897905759162304
69 0.1552744665046945 0.5628272251308897 0.14097172336176556 0.09685863874345613
69 0.2854387945541713 0.2571108083797026 0.12932050591546096 0.08393239458122281
69 0.2982647210324565 0.5112866204564839 0.1606832418794717 0.17101506209763517
69 0.4569657144671009 0.28806722557783115 0.12982781294153267 0.1489016253614606
69 0.0449163224193507 0.5477748691099472 0.07988060788595028 0.08769633507853469
39 0.6324860380701673 0.5667539267015707 0.07984702225130891 0.11780104712041883
39 0.44260880235602096 0.8160994764397906 0.11040575916230366 0.08246073298429313
79 0.6121605039267015 0.9024869109947644 0.5540003272251308 0.1793193717277487
28 0.5456323722172861 0.7820680628272251 0.12322071335078522 0.1767015706806283
57 0.6279029958125022 0.74934554973822 0.5480857329842932 0.19502617801047117
4 0.6249444232882361 0.39463350785340334 0.03942807746455701 0.056282722513088634
4 0.3307018213229582 0.3947367866386762 0.05641574952458295 0.069165170178145
4 0.49980617062003374 0.32918848167539283 0.03942807746455701 0.056282722513088634
4 0.4508289308902848 0.5074582037079193 0.05641574952458295 0.069165170178145
14 0.2803455077164526 0.2143825193278871 0.05277553408314878 0.046620886764296515
14 0.14978057113468285 0.8615136876006443 0.19282910628019323 0.26086956521739135