86 0.1707918529438126 0.5736976078112211 0.3415837058876252 0.34882774779636216
86 0.13200516377910904 0.6659025363526732 0.26401032755821807 0.466618154382535
86 0.5200876967833044 0.8383310297266957 0.5536500456729847 0.3233379405466087
81 0.8511286465751455 0.6293666434043472 0.2950302635374351 0.25052979952841126
81 0.5663253488360653 0.5364311213268366 0.2072061140320005 0.15068149542121123
81 0.13252448250554344 0.31618245174445814 0.14515387766964893 0.10519241169927068
81 0.803655085038577 0.41192849565590617 0.1201075237583995 0.1612554340703386
81 0.2670646827398967 0.4501794782665788 0.18601159724068778 0.11438280261455591
12 0.8929456322571517 0.49213089529832493 0.1727791534495171 0.10232855022003584
58 0.3013791162685886 0.2460861632571593 0.48702149840469705 0.3928081777054054
50 0.4897999582937449 0.39429503702504237 0.743241394043108 0.7885900740500847
57 0.5694799697609684 0.24114531087760901 0.2943964602314482 0.2566530522783142
74 0.8889578783440342 0.27169629093726505 0.22208424331193155 0.19250861444880785
50 0.6301624825229845 0.6302457988143968 0.11846342940631738 0.114612971834395
37 0.7046908079977172 0.8095970584660048 0.39427125567472787 0.284250572723883
18 0.5 0.5 1.0 1.0