86 0.39939699753709856 0.5871209744145611 0.6494784715640183 0.22559834633871156
86 0.46605827714328435 0.48335903762720517 0.6960922149478214 0.24761599442504767
86 0.5507075206138333 0.2769846717444734 0.8985849587723334 0.39307522632402303
0 0.16935473459078532 0.17511522355686787 0.33870946918157063 0.22955280347628204
81 0.4059534465831444 0.7483843731597731 0.702172073498145 0.322528776648052
33 0.8531730374202552 0.8442042993601886 0.2936539251594896 0.25467725630027727
33 0.9526639779666669 0.6262048629729016 0.09467204406666618 0.26026985577571216
33 0.8988621294367438 0.5918795850745666 0.20227574112651237 0.21469870698806826
81 0.01998786353069401 0.5930199423824488 0.03997572706138802 0.21573489348003494
81 0.04992851361858003 0.410868845816616 0.09985702723716006 0.22888064861495178
58 0.5 0.49398050616946676 1.0 0.944159718613296