32 0.09353445392137827 0.5138230413654142 0.15683554899948277 0.17156572241318008
32 0.7813433676058569 0.6075243205295358 0.10014800116834444 0.10293943344790801
32 0.3561867588723192 0.5910276164513453 0.14927720928866428 0.13065389629926794
32 0.6339557432448972 0.4537750385208012 0.16817305856571052 0.08314338855407954
32 0.3401252869868301 0.4214414985275481 0.12471260522850441 0.11877626936297087
32 0.8257486134069152 0.49072765565594756 0.12093343537309498 0.12801442364675725
32 0.871095085576185 0.6609736417428725 0.0755833971081844 0.06994602529152716
32 0.08597611421055983 0.08358899900620888 0.17195222842111965 0.13197363262552306
32 0.7208766499193091 0.6853887637785944 0.12282302030079995 0.07390523427029305
24 0.40626031369453636 0.2769303708026003 0.060466717686547544 0.046190771418933185
24 0.6802505739736601 0.2762705026394726 0.045350038264910575 0.04223156244016729
86 0.5042444674569229 0.4946393610365825 0.9542862089859282 0.9672717199488227
62 0.4950631011516935 0.6553509431277408 0.9674654475534952 0.6789767014012222
14 0.21541357328223573 0.2828691842707486 0.3061127582881468 0.24019201137845164
14 0.8608590538010295 0.24459683080934702 0.26642211380529257 0.17684466771820084
83 0.8480469127425583 0.07862098634349943 0.27691524091326836 0.1510407132134881
83 0.2654423185144322 0.07994590488045981 0.20100584752849612 0.15104071321348797