14 0.15648478972332935 0.7700031783153036 0.3129695794466587 0.19543016100185706
9 0.3863489738106839 0.7970193541438122 0.21159644576066333 0.07546043558955562
79 0.18272232964525276 0.8828500031330897 0.3654446592905055 0.2166525006251745
14 0.5435923804671671 0.7175472330117205 0.18456093167233245 0.08603373341236142
40 0.9548890736589017 0.6506275153345915 0.0902218526821964 0.08771286258279465
40 0.9548890736589017 0.6506275153345915 0.0902218526821964 0.08771286258279465
22 0.18116795080579923 0.6015708582903929 0.36233590161159845 0.27277420135047137
40 0.7032664294445667 0.18539183468544923 0.059423334307945 0.036947548665988705
40 0.8246838613662901 0.34627268934541955 0.03723877859251756 0.02290277845330818
40 0.7854771254184936 0.7175964450076193 0.14245354914520947 0.08771286258279476
40 0.7625888211439413 0.23900890884245324 0.10062663147707696 0.06483294794019401
40 0.694261856136607 0.4147573141957125 0.14245354914520947 0.08771286258279465
40 0.8473819322885241 0.4307591731432877 0.08875184601019237 0.06249044585403579
40 0.8428587717366041 0.5314093982041506 0.14245354914520958 0.08771286258279481
40 0.7181956964518548 0.7975592595866646 0.14638397910358358 0.0737752840978263
40 0.9637460740838084 0.7315956722130128 0.07250785183238317 0.0671366702569749
22 0.3272096884334671 0.28611320851427174 0.5700412494865061 0.2225060663028512
22 0.5821205863644122 0.36681686513977074 0.35223347376572295 0.12489180538672834
86 0.13156986956598912 0.25098899779445216 0.26313973913197825 0.12687962651033824
86 0.2909029295589479 0.5454662715620631 0.49361534361872983 0.2261171332790144
86 0.6284803854989155 0.45382618936709024 0.3497963353932641 0.17016504643834274
86 0.7891402765510406 0.6251765041382231 0.39423086751925074 0.15126279429755385
86 0.6910335933248817 0.5920068873992479 0.16933577038071979 0.07368370346914055
86 0.6461519171210743 0.36013510503935875 0.3510925229082954 0.10684507709372887
86 0.4351967930074311 0.2875685294476733 0.5769028472371696 0.1674493671869492
50 0.5365359836874102 0.8342718403521191 0.4797983189424406 0.15808905179985144
50 0.6462184852121622 0.7499856664942761 0.4650342799413414 0.1801138877880354
42 0.5364117234875967 0.28314001513669707 0.2574812406185585 0.14749842052731732
42 0.690376805767096 0.32885299173579485 0.19424238107574476 0.10273185392107154
42 0.25082249869758666 0.5432722566806152 0.3163723866692874 0.23362295565597158
81 0.9295324333641275 0.4363555267609031 0.140935133271745 0.1875084022721013
81 0.9686660825103989 0.5166242014384818 0.06266783497920225 0.12006935662664214
50 0.4236179668948551 0.32579501616969825 0.8044830597074386 0.24110579643680674
45 0.9063693822116489 0.21381407884295323 0.18726123557670227 0.21045217576140152
45 0.9828793130585963 0.31637396236543375 0.03424137388280735 0.11569741439985937
45 0.8119666742071456 0.1183566149285886 0.1607813767828773 0.08969254849979208
19 0.5043778441459893 0.4920526235109242 0.9912443117080214 0.8466804598346264
42 0.5876527832308942 0.1437971479574635 0.1897182364898461 0.10181982580577886
81 0.9255940080868318 0.10055315470408588 0.14881198382633642 0.18935551474727985