50 0.07531170808360517 0.28998600189842333 0.04328259085264665 0.07314962210050313
50 0.11772864711919884 0.29455785327970474 0.0346260726821173 0.08229332486306606
81 0.8629693681250532 0.22924569068996975 0.2740612637498937 0.4584913813799395
54 0.2354572942383977 0.12409310892049644 0.4536015521357368 0.24296124483381404
28 0.4804816642108584 0.7014526262137535 0.593837146498312 0.1671991362297215
22 0.5903745392301002 0.40493540805635675 0.3220224759436909 0.1619741632225427
86 0.4613924184892133 0.5832376119263334 0.5349728229387125 0.6204655446024823
86 0.5739701893798052 0.37946366464636017 0.3410668159188557 0.45849138137993944
37 0.6171522100710629 0.9052265734937247 0.7566947590796205 0.16981162273331085
54 0.9152255897962582 0.14900918602573748 0.1164372129596859 0.1301832116206178
81 0.8768540455367384 0.2229333214679461 0.22073074398013304 0.4458666429358922
47 0.48927428366978876 0.4871748760314235 0.9785485673395773 0.9323858327277041