63 0.8532969723774386 0.40258751827127065 0.29340605524512275 0.1833403385668838
63 0.9170179662948554 0.47785184291550953 0.16596406741028924 0.25662575154112477
63 0.9609313039364058 0.5949610521820964 0.07813739212718829 0.14330228400877276
85 0.5890707482068998 0.14193042477382284 0.6967126684207846 0.2838608495476457
86 0.3880066867908717 0.39651999090152434 0.7760133735817434 0.40210367135821884
79 0.3383558380704983 0.8474987081340138 0.6767116761409966 0.3050025837319723
64 0.7900121194562008 0.6586450123899782 0.2606501786668727 0.18980375887889234
5 0.590271316942364 0.5793879150759295 0.6952709455753736 0.5055915927038419
32 0.7452427418859925 0.751774833770891 0.29543376773473917 0.17261649001163315
57 0.37309697350142895 0.4294399863674937 0.7461939470028579 0.3346898940889134
68 0.5 0.5 1.0 1.0
31 0.019428241841519506 0.5206510824654254 0.03885648368303901 0.3728348348116079