14 0.3038083626192355 0.7945026178010473 0.401061464534175 0.40314136125654454
14 0.8942121494656818 0.5654450261780105 0.19450620382987893 0.30890052356020953
79 0.7444595854550671 0.6387434554973822 0.2323746682923331 0.26701570680628284
37 0.27712747480186634 0.3160994764397905 0.3270458294484687 0.11910994764397903
20 0.9140070286165103 0.32198952879581155 0.1686867962418418 0.06806282722513085
81 0.41397116832819336 0.15706806282722513 0.7969590475507424 0.3036649214659686
40 0.379545291544144 0.4790575916230367 0.16008032704582942 0.1335078534031412
40 0.6136412536756797 0.3285340314136126 0.11188409954816025 0.031413612565445004
73 0.5576967039724068 0.8723821989528795 0.13081833177938756 0.061518324607329755
37 0.9054005594204984 0.21989528795811525 0.17901455927705645 0.13350785340314142
86 0.6394630223079543 0.3907068062827225 0.15663773936742453 0.18717277486910994
50 0.360612031507603 0.5674083769633509 0.36319300007172056 0.3102094240837697
60 0.4621455908879033 0.6308900523560209 0.1187692749049703 0.08376963350785327
77 0.8485967516471753 0.37369109947643975 0.24442372516675037 0.16361256544502611
77 0.6303900090954407 0.30884668900869877 0.24849887946118687 0.12540258667124973
77 0.7978144862845257 0.8848167539267021 0.38730264127183234 0.22513089005235698