32 0.21762358961288486 0.25636416314382415 0.06077775926125614 0.10140518615094885
32 0.6214938593292252 0.42690924894314697 0.0685735901442156 0.08165092910855659
32 0.5509101053445467 0.4229583975346687 0.04118323374089927 0.047410216901742464
32 0.6621894211606277 0.5059262771127179 0.04209695955511017 0.05267801877971362
32 0.6161004716166298 0.5046093266432249 0.04209695955511039 0.05267801877971373
32 0.6759180444290527 0.4479804564550327 0.04209695955511028 0.052678018779713565
32 0.5729533699158658 0.4440296050465542 0.04209695955511028 0.052678018779713676
32 0.6710149646903296 0.39793633861430466 0.04209695955511028 0.05267801877971362
32 0.5680502901771427 0.3874007348583619 0.04209695955511028 0.05267801877971362
64 0.12335786344675478 0.6396778419453761 0.24488265149908445 0.2083206016270991
64 0.12732731893462326 0.7769467118352698 0.2543827798907286 0.22588521664025107
64 0.07536264907769286 0.36518029290762866 0.13067517284210256 0.20361893473027265
13 0.9479369871876564 0.5757246519958384 0.08234406093460478 0.35294272582408187
57 0.42263173198330944 0.5444070686926498 0.7192527859700829 0.40759018652988294
28 0.3807337874440855 0.714830483476034 0.5037801358598861 0.2577488726642744
28 0.8445244957312372 0.8254561324946575 0.19607986643341224 0.346596210163417
5 0.4994631902030008 0.7884121528189325 0.9989263804060016 0.42274110070720194
86 0.6788483594906431 0.35447697312104093 0.3950554351981649 0.6031633150277219
86 0.43469546224630995 0.5022598882812696 0.8665937335454377 0.7079826479233257
68 0.504898610161768 0.5002040608101214 0.985494038125617 0.9909192939495969
29 0.16647679805574542 0.3033878629164823 0.0729095465937572 0.1175258348199888