36 0.6625846718135295 0.9522251308900523 0.09169698583133667 0.09554973821989532
36 0.5827195551217204 0.7270942408376964 0.11240275682550949 0.11649214659685869
51 0.5435264885970361 0.7964659685863873 0.08726003490401402 0.053664921465968574
33 0.4821486674357382 0.8304973821989529 0.06803324755228213 0.08507853403141374
33 0.5509263285518113 0.8861256544502618 0.0931759694737776 0.0654450261780104
33 0.6367024580708137 0.8704188481675392 0.06951223119472294 0.05497382198952894
36 0.7291389357233709 0.8069371727748691 0.09465495311621852 0.12434554973821987
28 0.09835241222232083 0.5706806282722513 0.17008311888070515 0.3036649214659686
28 0.588635489691484 0.47251308900523553 0.16268820066850065 0.25392670157068065
39 0.7513236903599847 0.6943717277486912 0.1331085278196823 0.10340314136125639
36 0.4791879658494284 0.09816753926701577 0.4495492320897637 0.17539267015706794
57 0.3372082704765285 0.481020942408377 0.3253764013370012 0.281413612565445
50 0.4747537492235335 0.36191099476439803 0.6566687372437661 0.6767015706806283
35 0.7164922447582792 0.6191099476439781 0.21443485519465155 0.235602094240838
83 0.8548612950954186 0.2637434554973822 0.27507236424429893 0.5091623036649213
83 0.12216038490170618 0.17735602094240843 0.24401944978603865 0.35209424083769636