80 0.5213879310043268 0.39649622262971207 0.4836816209196575 0.45205811063845003
80 0.6730552440254989 0.64657389442597 0.301398165121912 0.21772456385192385
39 0.3452611969101169 0.5480156836473483 0.22353682458278717 0.17901146952728114
86 0.7765278081736993 0.2678717151760255 0.4469443836526015 0.36290090884469084
86 0.8710509259210814 0.5081486240307501 0.2578981481578373 0.35620756235954576
24 0.9712696916916032 0.5711149279859391 0.05746061661679369 0.05419478754130991
28 0.17660818574315829 0.5918708251363549 0.35321637148631657 0.48224042030058645
28 0.5123411304552452 0.7514477886188411 0.9753177390895095 0.4971044227623177
39 0.7277029902376516 0.7850687152040903 0.23284759146045242 0.15222992188603035
32 0.8107926003860855 0.7617256336871622 0.22802817959085975 0.14532724634947258
33 0.31657923020984624 0.3769047716807849 0.07659760694620904 0.06810523057319429
33 0.456846957859924 0.5723303677816416 0.07659760694620904 0.06810523057319418
33 0.4346381010377156 0.5295714403951165 0.07659760694620904 0.06810523057319423
33 0.39863323791612615 0.4807404197518502 0.07659760694620904 0.06810523057319423
33 0.3490958202122234 0.4316896167216543 0.07659760694620904 0.06810523057319423
33 0.5179030017897333 0.6269289410982726 0.07659760694620898 0.06810523057319429
58 0.7110837555593846 0.12246328530216771 0.4588228823127707 0.24492657060433543
58 0.9998976146353654 0.5975165951601265 0.00020477072926916584 0.2044073015215696