67 0.3393467500159313 0.6235612264920076 0.35782484092960537 0.6289816997494174
67 0.3972353333585612 0.34476972690758345 0.14324484418340377 0.27220076520562914
67 0.5322359766974063 0.6868259136777457 0.1323720597284468 0.241750878528179
67 0.6313266553987942 0.6330176311696061 0.08907078653551459 0.10758655565825637
44 0.4999160569569916 0.49813834341696334 0.16647711156314288 0.19097188833451362
76 0.44098607443743953 0.6117163502674183 0.12925307971943684 0.12787046384428347
50 0.4935474021306814 0.5112383838546688 0.27045185114397213 0.26133652695869586
74 0.7051597940680268 0.36984254095875246 0.37530467465278805 0.7094246471602317
54 0.5702628156118476 0.3095948682647803 0.1091522063678978 0.19160680647535822
54 0.49027602615894494 0.28450326150644367 0.1384732487270352 0.28486110063245884
54 0.6087858747990271 0.6558028010197321 0.13600955473848353 0.27747291350891623
71 0.28299627461078086 0.3447159568871426 0.1515725972107681 0.1990132091801144
71 0.45867601275875036 0.7900556434218802 0.16549101847730951 0.22742301423992872