12 0.19023232172089832 0.159472537472765 0.3731322928542984 0.31894507494553
85 0.6353777418950102 0.3163200126002992 0.07200798634030325 0.05512630924984474
85 0.7689198256533907 0.3143512158413762 0.07724493080141615 0.06956415214861345
85 0.933883576178449 0.32550773080860673 0.0851003474930857 0.06037643394030606
85 0.21576756694833435 0.2500371883832241 0.0523694446111298 0.10368996263661265
85 0.07764315678648007 0.08859585415153613 0.06415256964863392 0.16931652126738014
85 0.2092213863719432 0.1017211658776896 0.05236944461112977 0.10368996263661265
12 0.7761206242874215 0.33338291784429863 0.44252180696404564 0.19950473823753284
12 0.41608069258590485 0.33469544901691406 0.31683513989733414 0.15225361602338056
40 0.6412693044137622 0.623452306992291 0.35873069558623766 0.13650324195199648
40 0.3617473938018583 0.4777613468319871 0.16889145887089307 0.07350174566645928
40 0.1345949278010835 0.41344731937383483 0.1780561116778407 0.17587917713045648
40 0.24064305313862097 0.4403542084124492 0.06808027799446864 0.0853145262199968
50 0.8697310065298152 0.6280461660964448 0.1269959031819894 0.37407138419537467
62 0.19023746270040856 0.75076783073598 0.36789534839318533 0.4751362844867567
50 0.6648355544887705 0.48694906504029467 0.03142166676667757 0.05250124690461383
50 0.9554859720805399 0.5236999378735244 0.028803194536121346 0.0630014962855368
50 0.6275223252033408 0.4626672383469108 0.017020069498617008 0.04593859104153736
86 0.6465062488748753 0.7665182048073642 0.3115981954362213 0.44888566103444927
50 0.18238204600873914 0.6608594454118284 0.3469475705487336 0.6733284915516743
74 0.6884018045637789 0.12337793022584287 0.6074855574891032 0.23888067341599362
40 0.5326027068456683 0.4757925500730641 0.12044972260559805 0.10631502498184298
77 0.7705106604148695 0.5845239980742283 0.4584396816202839 0.32287577572540715
16 0.49265044141164055 0.2589251203485715 0.9778965585226395 0.3544572894339222
19 0.3559552235536373 0.631830001054148 0.665074809962978 0.6417126392353912