33 0.5368811003665908 0.26573021060029534 0.11613617658682662 0.15114903598633211
76 0.818903764094336 0.17549496116514657 0.21531766737984126 0.28751390621915573
81 0.41769957551894915 0.222433004345839 0.6162882140043279 0.444866008691678
76 0.14550305351763798 0.8544313620966235 0.10126469356899359 0.1280334548063483
76 0.18503672965595208 0.7782084351689909 0.1849039850525196 0.23679571119036413
76 0.23234793874192936 0.7213286462398428 0.08000510639468411 0.10786418035483503
71 0.08189274736498692 0.6054804812684247 0.16378549472997384 0.2557645027469976
20 0.6190116330968162 0.6128690806503516 0.316888333026033 0.40046399055059256
28 0.41214385341484117 0.6841138916077636 0.2653475506943193 0.3514179610050928
28 0.7276229640071636 0.31286958448538515 0.26446457417201963 0.356256249938931
80 0.28528513521373855 0.4999082423694509 0.18804464105295798 0.24004434383030493
86 0.37853555642691905 0.6304228875029533 0.5149690002617782 0.7141002537113543
86 0.6993207515017914 0.33217367223306604 0.553597190216454 0.6643473444661321
50 0.14280587057938518 0.7028004246832624 0.15343144137272297 0.20399223860602456
50 0.017848743749713097 0.7036323915450796 0.035697487499426195 0.11017505415829221
76 0.594295318906391 0.14669909890187532 0.36274869941846327 0.29339819780375065
3 0.5 0.5 1.0 1.0