22 0.3682352068727629 0.4443917609813235 0.7364704137455258 0.8251559766699652
22 0.6011932099324564 0.6944919550299182 0.7976135801350872 0.6110160899401634
39 0.5017316935983025 0.542341128109024 0.1595036708544047 0.16262988578287063
39 0.34624816857663504 0.3802176684403008 0.15262102178511006 0.15862789600845412
86 0.5700940097369294 0.17821716208678173 0.43327214227974087 0.35643432417356347
86 0.859417785914236 0.4793692658034393 0.2811644281715281 0.3545495067238285
14 0.1480163370317232 0.30843630915247533 0.2960326740634464 0.33788576311021606
39 0.613451433827795 0.6878679773935319 0.13676299828627803 0.14145420494250682
31 0.05633739304132801 0.3806000436773652 0.11267478608265602 0.2944744583121713
74 0.5245577047115237 0.05685522161820794 0.3076703402706834 0.11371044323641588
74 0.8100739381221761 0.274618743989065 0.3300120556087307 0.3369645601549466
74 0.9369030616861337 0.5513169119556849 0.12619387662773263 0.31942594521520495
17 0.5615016784698889 0.15627837155365065 0.11895836616726929 0.12175553741237777