28 0.5874617463179463 0.5676612461468608 0.3685931079861703 0.2052890765771671
40 0.1831086622207505 0.4128759530534347 0.366217324441501 0.21291683068685519
74 0.8539511453637991 0.6699444857368546 0.29209770927240175 0.27939960002495445
81 0.24707374414118904 0.2722881131379348 0.31318362414948864 0.20503284901075486
67 0.025006770619044633 0.8067962032480103 0.050013541238089265 0.11133637321920864
67 0.07989915432817735 0.8969375724329255 0.1597983086563547 0.11669021948710712
32 0.10314162170979244 0.8390502588346433 0.10757777582815847 0.0681731174506992
11 0.5862462549879004 0.46224033928111263 0.8275074900241993 0.5186862379329396
39 0.3531670566527731 0.39748349647358117 0.11756819340496194 0.07271581406999522
78 0.4851383113680646 0.5195309434822679 0.9702766227361292 0.5247739009640147
54 0.3768595591643695 0.5535425866331616 0.753719118328739 0.8281955576570538
74 0.75112978604701 0.16227845538160984 0.49774042790598005 0.27939960002495445