66 0.5716827298375063 0.9671266518564748 0.07710225213977351 0.04789222388837122
66 0.6980479932901947 0.9773010090899377 0.0742186638765523 0.04539798182012478
39 0.6346437386824801 0.9186971796945231 0.34549318613179614 0.16260564061095362
6 0.7749134208612445 0.8667940672412564 0.45017315827751103 0.26210845559902596
40 0.3420090343795299 0.18671659738731272 0.6840180687590598 0.37343319477462544
28 0.7265466493621702 0.34474034413081855 0.5469067012756598 0.5944019497114428
28 0.22963110676002293 0.6200337463833063 0.45926221352004587 0.41580299438491264
86 0.5 0.5 1.0 1.0
44 0.5310350856590192 0.6579148254666977 0.9379298286819615 0.6841703490666047
72 0.5648408667630593 0.5656517880619036 0.4812766780966581 0.33236253216146483
29 0.3346511004143745 0.4011277395394167 0.33701669371655196 0.23478836069387582