7 0.6809156717180695 0.6286971942136459 0.5066574822155249 0.47578106905373285
7 0.3934262580775326 0.17840275084302343 0.33742583767982565 0.07863790134894044
7 0.02259370149952153 0.6084573987744104 0.04518740299904306 0.23007596575681932
28 0.4794706723851737 0.3054714564526204 0.15660178279710468 0.18345430967040388
28 0.37532473757780305 0.7019381659771141 0.2815557307243806 0.1228240384139403
80 0.33529130585669836 0.5621871610806465 0.1677656226624762 0.18375333143245504
80 0.24502696385770098 0.2991346330904211 0.24231473389801522 0.257459657425004
50 0.5 0.296522985095225 1.0 0.3062872204541785
86 0.4267109124879423 0.594840588506928 0.442344422318801 0.38448088053016544
71 0.06999436850577892 0.7742926718228521 0.13998873701155784 0.14004336662397043
3 0.10100098401637528 0.4856280234011888 0.20200196803275056 0.708749668730539