76 0.11134403464545739 0.7489327996169319 0.22268806929091478 0.2312957742549021
39 0.08734508450110354 0.7431230117308234 0.17469016900220707 0.07907098571699966
7 0.9448443532691125 0.7220192269534944 0.11031129346177493 0.16895746608785078
57 0.26111725077451997 0.32639133469643133 0.5222345015490399 0.36385667758477186
40 0.8287862292688744 0.7304969151785087 0.3211669825061707 0.1731936124320812
4 0.6351454548836037 0.7043059175589537 0.1345718482413698 0.05939123960064574
62 0.34720595445070823 0.7166300764309128 0.6355870357113695 0.32925034740650905
4 0.66698602152757 0.3165688398724524 0.0880020891458484 0.07959898759437511
86 0.852554378606484 0.44598320920704215 0.29489124278703205 0.21058463236692276
86 0.41857619657432277 0.24639509860576203 0.8371523931486455 0.20938985011318467
50 0.5127954983983986 0.3493325948131981 0.9176019640593676 0.21328214093330133
50 0.46321110446685054 0.7339042243851503 0.9264222089337011 0.2567302301827311
81 0.8818734805867283 0.6201800401498464 0.23625303882654336 0.11238388823011025
37 0.6732608559996662 0.5438023603917358 0.13604522319577939 0.28112592756017585
37 0.5857991245567059 0.8216637726923384 0.3063394851372303 0.06397181038823063
58 0.6795429179856182 0.48216217806359163 0.6409141640287637 0.7526724289651805