43 0.26993913386257207 0.8651318884057888 0.43753820376995 0.2697362231884224
49 0.5350554896873608 0.4209948123911895 0.773488550208677 0.5534644967966065
76 0.149376272248198 0.7556130536651202 0.298752544496396 0.27617593277883146
39 0.2666181294050663 0.7220654237904063 0.2232869742531528 0.1383777790865347
86 0.31446656682583607 0.6872502273381735 0.6289331336516721 0.5976261618938968
54 0.23875837315831278 0.33141609150124585 0.29391412615435064 0.23157100772212175
54 0.6806833658254554 0.7694617650386417 0.23528049466606238 0.1676796342414968
74 0.7459599755648574 0.26301165540881105 0.5080800488702851 0.5260233108176221
3 0.12706007541378012 0.4061255343885009 0.25412015082756023 0.26781244618186417
71 0.34296594904136024 0.5436987836934297 0.09529077288429455 0.08236822835156798
71 0.6293777712511615 0.840276319717735 0.05974838898352852 0.05050719439298268
28 0.5192414280272526 0.8258417954025428 0.18685053946528785 0.11864484868644942