79 0.11286561379225732 0.7513745670525331 0.2128904106866839 0.49649032699880136
28 0.8881964275601022 0.8262041042761366 0.1848848172144648 0.2774032699880158
63 0.3119349143895428 0.1969384193960465 0.07187918863317228 0.10140518615094887
63 0.2531797481084808 0.24961643817576024 0.05667861583216907 0.059262771127177954
63 0.366533234705881 0.24369016106304242 0.040089752661778166 0.05267801877971365
64 0.7654600747308732 0.46326127034691245 0.2306290431025939 0.28424317116978304
28 0.6513124641978638 0.6637973608312591 0.29721713180283793 0.07638312723058471
85 0.8089066643165777 0.08697305519339417 0.37186701606959705 0.16593575915609812
86 0.47167054766699434 0.47174830967414394 0.5796793278209118 0.5909946505142181
5 0.6769583853621531 0.6262642724507119 0.5002953482207948 0.5333649401445997
68 0.5004562502819037 0.48660029615527 0.9990874994361926 0.9651488709080334