55 0.3250934546121252 0.621251629726206 0.20906331486310303 0.07170795306388533
4 0.29843788196707943 0.7425032594524121 0.20801799828878748 0.12385919165580195
32 0.5409513272082791 0.5990873533246415 0.14948027012711862 0.2438070404172099
32 0.8095976868073662 0.6251629726205997 0.15366153642438063 0.2542372881355932
32 0.7223137528520209 0.8846153846153846 0.13380052151238586 0.15254237288135597
32 0.6773651401564535 0.2496740547588005 0.12961925521512385 0.30378096479791394
32 0.38938042393252914 0.19882659713168194 0.14738963697848756 0.21773142112125166
32 0.09930507455997391 0.11277705345501957 0.18815698337679268 0.11082138200782271
4 0.8691807315433508 0.316818774445893 0.09094254196544982 0.06518904823989569
55 0.844615792046936 0.2685788787483703 0.06480962760756204 0.0312907431551499
44 0.895952066221279 0.40211940716331257 0.20809586755743947 0.29193942718309607
44 0.3527943438314862 0.8265971316818775 0.6972261550684484 0.3285528031290743
50 0.26028382700456326 0.5475880052151239 0.5059332219687093 0.740547588005215
50 0.9091036013142966 0.28517397881996975 0.1710254940431164 0.44629349470499236
63 0.889089979670953 0.2904689863842662 0.21347863086232977 0.5748865355521935
83 0.5931309687027233 0.31467473524962175 0.3808652846066566 0.5809379727685324