39 0.40326662616665804 0.8032414818074338 0.3229355855970243 0.26500997195097675
39 0.6103469134233641 0.8783266471282117 0.27705644317672473 0.22747339268240063
36 0.25666781473955314 0.3573558031351158 0.450530410622819 0.32262127658011697
36 0.7986426075858867 0.6919669543711124 0.3702582256045466 0.33000509047502147
36 0.7047804871080308 0.178253274204766 0.5904390257839384 0.356506548409532
36 0.8280925441590133 0.45117344592716585 0.3137188036956342 0.2700106951626443
28 0.6306840715629503 0.949252663129482 0.2137319324799608 0.10149467374103605
36 0.44778369647316846 0.9259624284839127 0.27277677285449886 0.1480751430321745
50 0.5 0.5066145285128377 1.0 0.9867709429743245
80 0.07001020264874713 0.5829614729287886 0.14002040529749427 0.4251616439247837
80 0.2634496833465913 0.6636228984515017 0.5268993666931826 0.43051949665928085
36 0.20290500255764818 0.624353605952778 0.40581000511529636 0.3678995137561644
80 0.5739103721105682 0.58437527198044 0.3575540868199394 0.24167296157541557
29 0.6713617289377769 0.3924123113631468 0.2616408328761951 0.21007325577661778