39 0.6119057278519051 0.35834703248115185 0.05765821058374254 0.08597396217145664
39 0.5073391425559655 0.35900837065170155 0.05374917935772616 0.07936058046595995
15 0.2090245069857449 0.6140546736579073 0.1133999413581423 0.140698869769889
39 0.09347046150147485 0.8946922887969313 0.14658867097561654 0.1402036921565294
39 0.3314327373852256 0.8358331916180113 0.12020271020000556 0.1494624265442247
7 0.7150115943018708 0.692984146779283 0.5179333486545961 0.559492092285018
71 0.8049131110637108 0.21748200215407293 0.34204023227643865 0.3862214916010053
71 0.2263775231860338 0.12092662925382157 0.3850395757626193 0.15078510288532396
40 0.27572904241449137 0.38017119210929085 0.22379203768944123 0.3650586701434158
40 0.5586451773974312 0.08323035353249059 0.12117996800650965 0.11507284167564197
50 0.549853843776669 0.2941972299378342 0.18958801446179724 0.5449426525329252
50 0.2581440127209521 0.5474897492583564 0.37623982590655486 0.7235039585813353
7 0.4227881834644951 0.19428367035539265 0.19526954582522754 0.24936904685335143
76 0.5676193314524735 0.8337286116380158 0.8641691593583678 0.2976272071414541
76 0.3351655393877879 0.3705735236291047 0.6402026218780699 0.07135036462626665