39 0.7995470466477308 0.3342210413707629 0.24190082265270796 0.20423842222019495
40 0.4082144080933921 0.8835081813448431 0.4632917244006157 0.23298363731031368
33 0.9348059099019881 0.8498531093189741 0.13038818019602383 0.11613553434201795
33 0.9927630263480869 0.823787677688656 0.01447394730382634 0.09996470676699842
64 0.3183125015748704 0.6097902513719422 0.5302002395786044 0.3732844391220862
20 0.47256092749710754 0.1434496897456336 0.22086475740040062 0.1493555283802802
41 0.2560782571250533 0.16379307914380922 0.18328557424892478 0.13246093810304665
81 0.14038888238771327 0.15396221455191383 0.18044278171819 0.17228622293941098
83 0.08653086844310046 0.2936731405737224 0.1730617368862009 0.353940771609449
85 0.6096946136020178 0.07784786996928056 0.3507790331010453 0.15569573993856112
86 0.5902303983030256 0.48783693723688526 0.8195392033939488 0.7503521539024625
29 0.6980330026786536 0.30165927632189365 0.15788053104894617 0.1177914052437724
31 0.20873371589349254 0.4748864507755598 0.4174674317869851 0.25859672666198685
21 0.30056669230194183 0.15454741089206805 0.5832580938563644 0.3090948217841361
37 0.3969794527256514 0.07632972989195652 0.18945436811964783 0.09967355286069568
22 0.7570939748158796 0.452895474337401 0.4858120503682407 0.3767195769466979