86 0.6284196866998084 0.4032217534441497 0.7431606266003832 0.6226156320121101
86 0.16316336848581742 0.606491195176932 0.32632673697163483 0.2795787756147676
86 0.28403269132097386 0.5096938413941232 0.2675953791222267 0.18696008445517065
12 0.5139815757442024 0.08234666373290703 0.2682029724539993 0.16469332746581405
67 0.21605242286646079 0.31632246420161036 0.15877996448406612 0.10939286844500068
67 0.13504835874791582 0.3807368199388326 0.11418085361764818 0.08023270798684357
67 0.0505720361282663 0.4373643919207817 0.1011440722565326 0.09350675077512732
67 0.6371460955606004 0.13820687160345335 0.13826488275691506 0.09637795872095989
74 0.2576343928057234 0.22431535795348517 0.5152687856114468 0.44863071590697035
47 0.24809179873583645 0.3015354641945037 0.4961835974716729 0.4618599931831772
2 0.7065895792291499 0.7436991929024217 0.5868208415417003 0.47798426521659665
2 0.3451004512250405 0.5855342275864894 0.15530873514841043 0.10795173234705702
46 0.5 0.5370794003272731 1.0 0.9258411993454538
54 0.08290440741314775 0.37147168638703676 0.1658088148262955 0.2325307325564167
71 0.05911536223014044 0.409157258172965 0.11823072446028088 0.18874280696019108