50 0.6259278574532812 0.7177314211212515 0.1952151238591917 0.24902216427640156
63 0.31141460234680574 0.5071707953063885 0.096058235549761 0.06779661016949157
63 0.5523348544111255 0.4765319426336376 0.137890047805302 0.18383311603650576
63 0.9489624076488483 0.3970013037809649 0.09141025641025635 0.13428943937418508
12 0.5067969559306162 0.42959838768029385 0.9640154677065174 0.8383362799238211
31 0.4961737876504803 0.9181937172774868 0.9643542757417102 0.13743455497382195
31 0.40892787571928096 0.7755235602094237 0.2518733611438909 0.1374345549738224
21 0.4471918641946624 0.4208115183246073 0.6672643648221896 0.825916230366492
21 0.3312969125013395 0.5163612565445022 0.21146274272630133 0.39659685863874294
83 0.853213104355163 0.42342931937172834 0.2721325832100532 0.8363874345549751
83 0.06684044797612886 0.43128272251308963 0.1336808959522577 0.8363874345549751
83 0.526531162410718 0.5222513089005236 0.1570154499844698 0.3717277486911009