85 0.036702007545350857 0.39572047229549656 0.07340401509070171 0.17424322349147547
85 0.07778558766030849 0.3675708064206684 0.15557117532061698 0.17405592792864416
85 0.1541952992478191 0.341098402497077 0.15838072515742108 0.17830371432740083
85 0.16210942833335742 0.6599439924701465 0.2765722310105608 0.2712170980076418
85 0.31787971349872884 0.6003705750547412 0.2718086521419233 0.25833446999685983
40 0.5956708635891494 0.552398156553665 0.06532659838497534 0.05014059586100039
40 0.7301972547510097 0.4952000676100585 0.06264486262376989 0.048192989382064566
83 0.7144536134024208 0.34935392910913887 0.3237860236402177 0.21498495117194577
1 0.7661776358517141 0.6210569976550852 0.467644728296572 0.27936980133100003
40 0.8463854870486396 0.4831879816965091 0.06087791293063438 0.04758287093233138
86 0.7880790457236467 0.502494210256924 0.11018153634220873 0.1167096305768533
50 0.6300877506491918 0.6083018992266105 0.1968631077070656 0.20793735419161274
50 0.7409405427003877 0.5245576437889305 0.15222823889998205 0.14859562862548692
50 0.8945837516211783 0.5161461396900124 0.17165815446042376 0.15530467643043322
77 0.3953491579082217 0.8641836393842837 0.45466020703008125 0.27163272123143256
12 0.23167451706891726 0.5289857682320908 0.4633490341378345 0.5768740910732022