51 0.5461443330468883 0.9452181446686546 0.21977961141662938 0.10956371066269077
51 0.3564299620921203 0.8075167443953593 0.16325115272247448 0.08459631818443192
51 0.493782851212997 0.8093815923490651 0.1629072245123352 0.12229586772657508
51 0.21803000663377062 0.8263168148942637 0.2310811543279066 0.1365920753475035
51 0.40644291776033725 0.8794918267468075 0.19796810270320075 0.12964820307448122
51 0.2570487689634824 0.9149091438881192 0.21939419493095158 0.13414129689820142
8 0.42017394023898413 0.6830631233225802 0.4998788114307811 0.22271897362886617
8 0.6514625198488531 0.571862388908448 0.43960589347100243 0.21465800826723014
55 0.18803931589873077 0.4073427131606774 0.2154434103413269 0.09897492596709295
40 0.1003440534370438 0.1414741936724766 0.2006881068740876 0.16895483902209696
14 0.6775579773245906 0.10432528737568988 0.22058699551796757 0.17559688986237748
50 0.23063486642864325 0.31953189504791885 0.4612697328572865 0.5734094932400594
83 0.47828882551788815 0.1081840907032614 0.23847772713920878 0.2163681814065228
79 0.6458786705542859 0.45616706093859827 0.7082426588914281 0.6889470800416717
45 0.8382789739307529 0.517591533694608 0.3234420521384942 0.6917501701264286