40 0.3225586625798296 0.5708806313795745 0.17674430126028662 0.142508640344977
40 0.3491577085009052 0.3231709412058422 0.06233948760614383 0.05260643998768422
40 0.510426028867589 0.3295670153069762 0.05886756166970891 0.04244818245047749
40 0.6218515977749098 0.35760618925679866 0.0386488428908045 0.03297409972930038
40 0.14002599985298936 0.2795592837618329 0.05904105346200983 0.0484514029230973
40 0.68378957723885 0.5085694291764431 0.07260793214927719 0.06344234933864717
60 0.5569925834270867 0.6302734350825164 0.186336228369554 0.2162383549745559
14 0.5527439091045703 0.8300152827373041 0.1946876017644577 0.19379168787976275
14 0.09131853083243902 0.7939112381691507 0.18263706166487803 0.2471456239543749
48 0.8536772957597487 0.7435372410697989 0.14880522516865302 0.09027620138621861
79 0.7983576011067721 0.8876484965980537 0.21919940288349737 0.22470300680389266
79 0.3268572792015724 0.5082777364214839 0.6537145584031449 0.43069549033078125
85 0.20967206490452894 0.18330693224541827 0.1798681168835934 0.1780846747921696
85 0.5137533404371983 0.17233678059332969 0.19891255459777202 0.2942909508538517
85 0.3888590342936293 0.15051405821225178 0.24256320161064748 0.30102811642450356
85 0.5982423226648237 0.22092163300142978 0.15363098515722362 0.24301774174138874
50 0.1222578557695363 0.3582732032047048 0.16996920504334734 0.20334264470390556
50 0.23222226551129874 0.46101806972879 0.2379657925979643 0.3804807769386991
50 0.2869081403584172 0.7456390358779643 0.3797512750716988 0.47790395109095896
50 0.4641309252219913 0.47493642521560875 0.22498471280964916 0.33164227800075713
50 0.3182086329927543 0.389795596885428 0.17210274781348123 0.1994381734280264
50 0.8136479421397151 0.6855272063378535 0.34808382707431995 0.5716635565886627
62 0.7170566449929314 0.5126762172486281 0.16029839131676094 0.2117298629669072
50 0.5241422136585038 0.7046417986573797 0.39348777365560417 0.4850609912775165
62 0.5958858003791745 0.43047565393382103 0.09065379547221131 0.1076838192892331
63 0.9933663815189024 0.32414070127391215 0.013267236962195006 0.0954514369393441
85 0.8125712217564425 0.3622472609302147 0.13979954221022106 0.20078692458410685
27 0.3101352115811616 0.6242792222020566 0.09843056350231338 0.06574846359782727
85 0.6682311499244784 0.2282846010606431 0.1536309851572234 0.24301774174138874
83 0.9582024704971828 0.2664101392320527 0.08359505900563446 0.2814375864926327
83 0.7657519011804477 0.22919204178111585 0.1801761843647417 0.26625114023527297
48 0.5963452896969131 0.9845501656930198 0.06987162898420629 0.03089966861396043
48 0.6630504272446671 0.9781856356485172 0.08396134809091904 0.043628728702965636
2 0.6520400130006472 0.9723739564136751 0.1921611817076544 0.055252087172649844
50 0.9673804868602937 0.47693498263977135 0.06523902627941269 0.13510055310855706
78 0.4795311977600483 0.4562560648059274 0.14101180772041977 0.18768700681632594
78 0.09542825297169069 0.4671557333228693 0.19085650594338138 0.30400350282760996
78 0.2629312247811434 0.8023784174606701 0.2814967709134085 0.3415026670227874
10 0.30072146405194666 0.6844808746214548 0.07526127814953582 0.05103424543114754
48 0.3886816328271947 0.4436957921194651 0.06411137244947795 0.047696116796061394
48 0.18173361902011106 0.4979457623527257 0.05503093831746125 0.050836568129565274
48 0.3798489650331367 0.4926188569824868 0.0550309383174612 0.05083656812956516
48 0.34151860939265255 0.4986637797240827 0.05503093831746114 0.050836568129565274
48 0.3023676033742976 0.49981089927314215 0.05503093831746125 0.05083656812956533
48 0.265832262754594 0.5188485151323254 0.05503093831746131 0.05083656812956516
48 0.22529530545789778 0.5276818322313774 0.0550309383174612 0.05083656812956516
48 0.25588030011478957 0.482250137761961 0.05503093831746125 0.050836568129565274
48 0.21770365873934425 0.4914921472360716 0.05503093831746125 0.05083656812956533
48 0.4147925610567832 0.489157982410818 0.0550309383174612 0.05083656812956522
48 0.39046786378577314 0.530917950812873 0.0550309383174612 0.05083656812956516
48 0.5327067219069643 0.4953078839611833 0.05503093831746131 0.050836568129565274
48 0.5352232749862462 0.46245368492613237 0.0550309383174612 0.05083656812956533
50 0.6619044179268612 0.4188765303145936 0.06704089963752213 0.09183602742368074
50 0.6889073917260129 0.4021514588908529 0.05543678850900069 0.09686428307679562
50 0.7304688131337432 0.41410358999093344 0.09245200281378274 0.11734857614775729
50 0.4082801211700894 0.3923986783984099 0.051335428200314004 0.05252146772064553
8 0.8225336257769735 0.8913482669159302 0.14166442741694896 0.15401988627240604
8 0.843369361513522 0.7942935569162022 0.1477020433730386 0.07765252777548126
68 0.5 0.5582050666166739 1.0 0.8835898667666522