40 0.2967700847218455 0.2934762147125058 0.16430940033387004 0.08766009663317764
40 0.5358571111332493 0.313398963947319 0.13902843029267625 0.13016196166744523
40 0.762306470013038 0.296796672918308 0.1790517662860227 0.13149014494976607
40 0.3399549507148316 0.02852979522969553 0.14956088713303056 0.05705959045939106
65 0.36997245270984136 0.1188201130873115 0.06214149535809027 0.04117368175194695
65 0.5879943093051747 0.12878148770471803 0.03265061620509824 0.09828556289174438
65 0.5879943093051747 0.12878148770471803 0.03265061620509824 0.09828556289174438
65 0.6111713493319173 0.1314378542693598 0.032650616205098015 0.08766009663317743
65 0.633294887539262 0.1327660375516806 0.024222601649919184 0.0690655306806853
65 0.661739436662991 0.12878148770471803 0.03265061620509824 0.09828556289174438
28 0.8665777927325452 0.12479693785775543 0.23803352459200644 0.2151656917359809
62 0.8391926365415383 0.7038848489496546 0.2928023001618488 0.5631497117040487
65 0.5221664540529605 0.6846261913560021 0.06530123241019636 0.05445551457515563
14 0.13825840222204744 0.7145103152082215 0.24329975301218365 0.5578369785747654
55 0.31309718577192835 0.4110204351979029 0.04107658167738165 0.03851731518730522
62 0.5442846134177045 0.4674682246965398 0.3159737052106282 0.1354746947967287
62 0.2599054612391577 0.5617692377413216 0.330719144787124 0.2922003221105914
79 0.47950308819475285 0.8453363685168276 0.47501585258287293 0.3068103382161206
62 0.3383750821887785 0.2098006679262911 0.19906343428269566 0.1726638267017131
50 0.2593816558861215 0.4840705157255506 0.281216597637459 0.508694197128893
50 0.3494341618711505 0.2244106840318206 0.23803352459200644 0.4356441166012452
50 0.5453276136872619 0.4362559175619994 0.22539457638358146 0.46884869865926715
50 0.8023298060063841 0.4860627906490321 0.25699194690464433 0.5604933451394071
83 0.10824090022703774 0.20249565987352636 0.21486211954322712 0.3997831679785818
68 0.498516472607189 0.4850312214686317 0.9911622293020239 0.9364117320986042