73 0.17862257255107059 0.1957027614024201 0.06887759867007864 0.13434187743336704
40 0.7290160522333311 0.14770492732589788 0.19491748852044488 0.12864807298256498
0 0.8113720347081863 0.9367975138370384 0.07253891534846901 0.10186362135057514
0 0.8448942764174417 0.8792224235084518 0.08999152772452446 0.15500985857696192
22 0.6226240198607562 0.6095098139539371 0.7162687468994338 0.5698711251795752
59 0.720917572968382 0.28723239218119767 0.09367353419130708 0.05462252159378661
81 0.08219393441296048 0.3703469108854488 0.15520418900324381 0.7357807110726771
39 0.2557654830615587 0.9190821014282426 0.05418371095379515 0.08119564020698034
32 0.3062746875968634 0.9729664808383294 0.03581635130844091 0.04724109975678825
32 0.7172451355287308 0.8489585939767597 0.13591846137562202 0.21849008637514666
74 0.42015231739806014 0.09748230960936013 0.4215309038608812 0.19496461921872027
86 0.6713394089107352 0.34554562469348327 0.563877941112377 0.5698457658162601
58 0.1600560589059184 0.730800520318555 0.21992923124336317 0.3038816354054453
74 0.3046375088299159 0.245247097716631 0.1905012867245933 0.08213324092947019
74 0.8290870942542703 0.03492803531972224 0.2559802691215095 0.06985607063944448