81 0.6036606494587542 0.2636466868287533 0.2579482583331104 0.516577645063156
81 0.7783653812836906 0.10748737320634531 0.132267348896706 0.13309781161066017
67 0.1644863184997499 0.6181349177521949 0.3289726369994998 0.2609244227614922
67 0.1534646421903887 0.8942140418356933 0.28997193195812276 0.1041062090816054
67 0.23909866915943023 0.9706464485032006 0.31540675506137594 0.05402980471323815
57 0.6884847830246139 0.7795654318344314 0.5867063108629211 0.2780558242559338
57 0.2450861830940531 0.5443381113145997 0.3916171929743061 0.5244844457528968
58 0.5070458247580975 0.32120471161417063 0.9801769446708856 0.6396004953237326
11 0.2069013991095011 0.5074397080958042 0.3900625048272857 0.6272728547195466
11 0.6876489707107671 0.7518916294203337 0.5951705207055056 0.35712383115335544
37 0.8639771059342535 0.5660818132113921 0.23231572819036828 0.3492170304636132
84 0.8511317921850705 0.32070148949248467 0.2785991163927434 0.13051994943460027