15 0.6258704126679149 0.5088755549472845 0.07288102917005679 0.11755638312432015
39 0.6978594968763074 0.5480610159887246 0.15998274695866121 0.06530910173573345
51 0.7956299815494217 0.8693817965285333 0.1422068861854766 0.06269673766630424
51 0.7147497165338378 0.8380334276953811 0.17953619380916463 0.07314619394402144
51 0.8374031558688116 0.8210530612440903 0.12265343933497364 0.070533829874592
32 0.9280587653433318 0.8824436168756794 0.10132437635903058 0.1306182034714667
67 0.3725643966500345 0.41417735743047107 0.5972689219790024 0.12147492922846415
57 0.6797604285404453 0.6740676571309479 0.639894253251313 0.651305555102329
80 0.7743147574854229 0.49320137053070856 0.20620028046172334 0.060084373596874796
32 0.74229363294401 0.7505192313694987 0.12798678855249268 0.08620801429116765
32 0.34586997273855125 0.6845570386164082 0.1030992045037194 0.074452375978736
58 0.4920319406804551 0.4974832198840369 0.9677453797614095 0.9829754966037996
86 0.8826385335065412 0.1968219991707886 0.20344053851907262 0.3868367514197834
86 0.7469980064367879 0.3882734083480374 0.2676849191040429 0.2714413815047295
80 0.8681472903348972 0.20731248734488444 0.2422810954086787 0.16129125567672323
37 0.2178531033894721 0.7010210870382689 0.10887044676048194 0.13899896830676994