40 0.9406439705533832 0.4381512303607617 0.11871205889323355 0.21043749445905002
40 0.8832074511804402 0.15808752804149154 0.2335850976391196 0.16661160355972277
40 0.7356555404618977 0.3627354726772912 0.1995351602665405 0.14067269706197827
76 0.24057822875254384 0.4331461334709141 0.4811564575050877 0.41688109428129116
7 0.5 0.5853742537173885 1.0 0.8292514925652229
0 0.6820999648995434 0.36582233253037955 0.3135351817341021 0.22094389156355398
12 0.7966762506577798 0.05483538156128734 0.08682617612501342 0.06208683345175442
12 0.9760525305457022 0.21541079185386122 0.04789493890859553 0.06153086436357552
44 0.6427249139473759 0.6192757811440022 0.7145501721052482 0.5367697394400599
50 0.5798371029743912 0.6332262900843748 0.8403257940512177 0.7335474198312504
86 0.8186334791425403 0.19102020490192537 0.3627330417149195 0.27315517891436475
22 0.5957736361567083 0.31144549257969806 0.41091436791195546 0.2826781436627882
71 0.6337893766250464 0.14487787570709104 0.35799577138003125 0.2450266116747083
71 0.4612048265119934 0.2692303664463575 0.1864753145434409 0.13070495324839737
71 0.9024688027239128 0.3182988733092168 0.19506239455217433 0.18562032099306203
71 0.9793170894243105 0.5215658397655816 0.04136582115137899 0.21732565814567295