32 0.20879848735309436 0.5540690094296716 0.0650800480061593 0.11824990145841546
9 0.527871500494403 0.7496361541493588 0.04519447778205499 0.2037536763591159
9 0.49804314515824677 0.8278630120372337 0.04157891955949067 0.23649980291683081
9 0.4569161703765766 0.8142187926381859 0.0424828091151318 0.1873806130802581
9 0.38098944770272414 0.8178572511445985 0.04429058822641396 0.24195749067645034
40 0.4053229089205861 0.2896152570637628 0.13772666993005883 0.15533579691083382
40 0.11216941436181106 0.11291013168638127 0.1940271333404395 0.17443934680129516
40 0.8430915837499424 0.5509536910733164 0.20434015038967746 0.2151393710826039
40 0.6928313443989038 0.09289439374185139 0.07502283311821134 0.134622964737273
40 0.8193758821886581 0.0674251841969619 0.10756285712129088 0.12370758921803462
40 0.59114376938928 0.11563475940693123 0.06688782711744146 0.07094994087504927
40 0.6421019785114825 0.2981942259148601 0.11471010044872132 0.12335009918608245
40 0.5325658797901572 0.40260800134036323 0.13195697872052164 0.1516156209758841
40 0.6768846318934248 0.5123600103188559 0.12640032945991142 0.12287011134065717
20 0.2951199399168195 0.8124007789597845 0.1147939735664198 0.34383432885600795
40 0.1856722210126313 0.6573371114043844 0.23163952995135237 0.2531067730451453
86 0.1599884513484749 0.750545768775962 0.1898168066846312 0.47118037658045553
86 0.6905716205098014 0.6404823989569752 0.169931236460527 0.4038688942118191
86 0.6413096397273612 0.37032685485582617 0.08767728689718679 0.18374215457384552
86 0.40675030003849555 0.36668839634941336 0.16812345734924483 0.3656650798944848
50 0.13196787512360075 0.2511104878566448 0.22958794713283967 0.5022209757132896
50 0.594307382834024 0.18931354416179014 0.08948506600846884 0.19647675934629028
50 0.6964469026214686 0.18112701252236138 0.07683061222949361 0.3620266213880719
50 0.8139525448548115 0.3439358749362832 0.18529735890642585 0.30563051453867385
86 0.9533006121540122 0.23297504623874354 0.09339877569197563 0.34929201661562725
79 0.5174767706045301 0.9345097657517247 0.4564642255987558 0.121826365649771
50 0.8474091862837059 0.7492519593838077 0.15407603907358813 0.47242384463920306
19 0.7738460850721978 0.49002451642793715 0.4523078298556046 0.9327342573645806
47 0.2635738443078365 0.2780394579359871 0.14687108747476213 0.2519593838075751