81 0.07875454992410008 0.19921962325154247 0.15750909984820016 0.3769850325109051
86 0.3149046078281249 0.576144224761606 0.19591155095663432 0.2465327882288177
86 0.10745196636473042 0.5896816547398633 0.1495780013232778 0.3036188024536818
86 0.9192087201048236 0.4988930883268288 0.10380816759112699 0.23330798385700235
80 0.6757996427019578 0.5376752393975884 0.25705681780882794 0.1599975503642932
28 0.6490087804926125 0.851042647894519 0.3691885062329792 0.2843486134148677
84 0.23382564621173757 0.8863489874656272 0.43389527259001615 0.22730202506874575
32 0.6717017079275135 0.2918094971749498 0.05923484908579746 0.04602088467015164
24 0.6936716133596992 0.3381157415682555 0.07119295944459114 0.051588065603712485
39 0.4808698291476923 0.4144568758216259 0.18792045617248582 0.14227627951254085
39 0.4886004583658379 0.5962665416179834 0.21445098070475233 0.1417894929244754
86 0.6749245353835909 0.5918593201042162 0.3681992412793861 0.8147770491637861
33 0.49908335958799305 0.5314709422395922 0.1989950421366361 0.17578308457652875
37 0.9213726908702121 0.668378408765784 0.15725461825957576 0.12129777541111408
37 0.3299240830604596 0.7069723148284697 0.259664469391439 0.04972862060558336
12 0.25998249275277546 0.381586955963353 0.4158077305080776 0.1511040189194548
81 0.5507171041527277 0.10521454186364379 0.8065770140392905 0.21042908372728758
81 0.8696861500679784 0.29804415633562126 0.23762198174219618 0.26180849186468735