22 0.5570592185269571 0.6070121534026701 0.8858815629460859 0.6160470091028736
40 0.10891788145652112 0.26198784051097024 0.21783576291304224 0.22055512768358732
40 0.13659349163650117 0.43745347393313366 0.27318698327300234 0.27911020214159843
40 0.061880269442947555 0.6723306952795061 0.12376053888589511 0.1318406124579674
39 0.3197794710277182 0.23626009960295877 0.2984546313104888 0.25137877286921334
42 0.31192239429599533 0.31847843557012 0.4883839984744575 0.4715293552430147
81 0.16526039712885748 0.09965402118743444 0.33052079425771497 0.19930804237486888
50 0.5 0.34734960321747166 1.0 0.6946992064349433
86 0.5 0.5799892448757313 1.0 0.8400215102485372
6 0.40934340081647513 0.4511040117688453 0.10442478904287561 0.11715213675192415
39 0.34038745794942327 0.5071168130570636 0.1515736183919527 0.13031037076249113