30 0.2081994127679005 0.8853093535091887 0.23083742370049232 0.09303254111038795
30 0.28201282525294413 0.944313902937008 0.3584646922034101 0.10823445467906523
30 0.6421414578523852 0.7692349113451462 0.27686328933277615 0.32013775155367385
30 0.4739258381977864 0.9510363826404955 0.2728458432245725 0.09792723471900888
30 0.6462841832373314 0.9506513436496039 0.24561927309910403 0.09704872531917252
30 0.5658930018731179 0.5695050927418794 0.23278802934877063 0.1668064980627178
30 0.6048383393681677 0.6863394106817896 0.30206132542634 0.2247111380832767
30 0.472706514969343 0.7515915261770267 0.24242595951256102 0.21139826388261218
39 0.6546976059490395 0.2521177521141395 0.23696974787627 0.1370064335045491
39 0.41332147614011716 0.5406658179418062 0.2337947462382613 0.17878227177032385
50 0.5164952440589538 0.5238066591339051 0.7036569382675906 0.8503380749039187
71 0.24441244470488624 0.5998544207431133 0.2572967561936013 0.23978358060744448
71 0.906526651856851 0.6126371482399923 0.186946696286298 0.29642603316078536
74 0.2922456634134134 0.07690222244465925 0.5832415985624608 0.1538044448893185
74 0.7790539433375946 0.14982812885899302 0.1361916399786567 0.29965625771798604
74 0.1504862258825028 0.3219937567363828 0.22234012273034748 0.3268770006902284
40 0.2303814665638819 0.2126026703904283 0.15155494094094651 0.15532464658491874
2 0.6654054194943049 0.4598771560751494 0.4640784216703311 0.3776457573569697