82 0.43468293667713126 0.12125162972620598 0.38226385285173536 0.2242503259452412
11 0.27500369628624044 0.6043024771838331 0.1338727671070848 0.21251629726206
40 0.28468161155967 0.5534550195567145 0.12096936786784773 0.06910039113428934
37 0.4959744082581755 0.8461538461538461 0.9854971168967326 0.2972620599739244
74 0.24262550848429387 0.3239895697522816 0.4790386967566769 0.3194263363754889
74 0.8379144880979583 0.3292046936114733 0.2854877081681205 0.6010430247718384
22 0.5645206476919411 0.4882659713168189 0.354844576611025 0.5410691003911343
86 0.575013663401197 0.29139504563233376 0.34032634194820743 0.33507170795306385
74 0.1300073254423062 0.09035082629678426 0.2505615196499107 0.17152057721318525
74 0.11056245930556016 0.5694084179198206 0.21815340942200057 0.1715205772131853
44 0.6152252666011989 0.3298429319371728 0.23644154885573704 0.1989528795811518
40 0.6184947559173244 0.1518324607329843 0.1392768690221432 0.04450261780104714