51 0.3987956527955582 0.5175192186357149 0.07927123819275611 0.07248844453343273
32 0.8785117086937118 0.5656819801955595 0.24297658261257638 0.2196290336566329
32 0.8873066980902824 0.6989110901610287 0.2253866038194352 0.23187219492269018
58 0.42031341029691466 0.16096654835065458 0.8406268205938293 0.32193309670130915
67 0.33714635003639387 0.253231852852335 0.20406536367426142 0.12071183562484677
67 0.5361785484710098 0.2624949605608229 0.15236304158532654 0.12390679919498904
67 0.6861346418974088 0.26091993588310736 0.1969307374105601 0.18498228484915502
50 0.7955710847726156 0.18602626428516827 0.08621039669596453 0.11570035367214782
50 0.818232094566533 0.1523578684003682 0.07514236353111747 0.11547906793038631
50 0.7578517157964614 0.1967970530103038 0.09264538559586977 0.12989171247175268
57 0.5935419256769199 0.42452044351415363 0.18774547826827426 0.18519200415296805
86 0.2333497464195508 0.6785727327213897 0.44227473682372864 0.5660402129624074
86 0.4820271682786218 0.632325754512355 0.4582983205485618 0.6032382927294873
86 0.6344791947306991 0.3211623275409955 0.1963518657604506 0.30278272316892046
86 0.5793472297162494 0.4092573553195864 0.21251710372741606 0.25098541243255795
67 0.4423826183186555 0.2882388705087775 0.13504168282883222 0.08756783790957112
47 0.5 0.5015981857830911 1.0 0.9968036284338178