20 0.5839366441207297 0.8715478377248513 0.15940368878519762 0.1922401089618332
39 0.49564318932538465 0.4395785982973783 0.11504150777259453 0.1554747807888307
32 0.3895607831719732 0.2273050937889575 0.062180571456738554 0.08002531761948889
32 0.6723371712706603 0.5651779451035814 0.06744863841223925 0.08612424671974628
81 0.7968885622244104 0.6112245462399768 0.33119578362139246 0.4053211548099144
81 0.9165263168894608 0.7353558594199506 0.1669473662210783 0.30623229006156794
81 0.5504829279424678 0.12644787629249607 0.13304661792011707 0.14707557220431605
81 0.5696098832390474 0.16868932367058487 0.12647030557843864 0.14265439581974948
34 0.3067043235461413 0.33658162197945535 0.5793956184890094 0.6731632439589107
34 0.5651085395404356 0.5815209237269174 0.5360680244414349 0.6035109519766574
34 0.6149389144565087 0.3368149262367639 0.2129554464405662 0.2631307931869066
54 0.48141703212550346 0.060322271533714944 0.25793828171190825 0.12064454306742989
37 0.6595016390468684 0.8594712619723817 0.4853368241043369 0.28105747605523657
74 0.7931055390652395 0.28530846532832865 0.4103315966039839 0.5706169306566573
73 0.30866865262405624 0.6735328247903424 0.1101204647224846 0.13056661966699656
73 0.3808467922767647 0.7810732495110215 0.10512352863558538 0.14615912239130513
73 0.09689285263288358 0.492638347868381 0.11278877699320705 0.15469094545486617
73 0.21716656098365944 0.5705735749158263 0.12096518886893037 0.14420479538606445
37 0.18460079208310348 0.24427213722808744 0.36920158416620696 0.4885442744561749
12 0.35793989666031834 0.04452386402601449 0.18220588011632116 0.08904772805202898