40 0.4245772126201657 0.2501264328730254 0.2340107013407055 0.19707559009825037
22 0.5741573043983137 0.6553018687296893 0.5856811604938705 0.6561558034842403
75 0.8740864250262705 0.7079376066512231 0.25182714994745903 0.420677376122366
62 0.38817888581964577 0.5447271807299907 0.3485309350650397 0.431928278849719
83 0.2032961930325652 0.514982995956396 0.4065923860651304 0.8406190658339516
83 0.7378482075761168 0.28392171907420866 0.5243035848477664 0.5678434381484173
62 0.6415313318635658 0.47198690503081026 0.22554161197436795 0.2912214648176553
83 0.30821428800264505 0.11880613911803761 0.4589099069554822 0.23761227823607523
86 0.5588996063399393 0.622981358333188 0.5667764211642887 0.702543431022751
50 0.4782283125610553 0.4811359810374663 0.6113426645427237 0.6554341945962822
31 0.3365049456924666 0.9019253679676635 0.3855950854056262 0.19614926406467292