39 0.6237626303780965 0.6864406779661019 0.0868098109517601 0.12385919165580173
55 0.38235332464146027 0.34680573663624514 0.04681877444589311 0.04432855280312897
79 0.39220929095885226 0.8148631029986972 0.5834751049178319 0.3546284224250327
50 0.23604465449804435 0.4335071707953064 0.41746740547588 0.5280312907431551
86 0.7174001792698825 0.3702737940026076 0.41454123207301175 0.43546284224250337
22 0.765171764011632 0.6779661016949146 0.2799532806522159 0.63102998696219
66 0.6326092052794925 0.7066492829204694 0.03218790743155153 0.02346805736636237
58 0.28969116688396346 0.08930899608865708 0.5696284224250325 0.16297262059973922
58 0.9183265905669745 0.10756192959582794 0.1570425512237843 0.19687092568448505
40 0.7182518115072601 0.12930785308131326 0.33215301533001207 0.2586157061626265
37 0.10003292139384115 0.2722852512155592 0.18794064019448947 0.20097244732576983
37 0.9011756695201825 0.3695299837925444 0.18187597139716705 0.18800648298217165
37 0.4996945951374135 0.3038897893030792 0.19157944147288386 0.19935170178281994