82 0.28252852481930024 0.36203431988949086 0.356729891209297 0.3312248646894096
82 0.33716742969616165 0.7883850520590276 0.1448419971497495 0.10330680215650989
82 0.24998981287007296 0.19582600780676956 0.31575350520942974 0.21442928257675564
82 0.38288248432200667 0.5453072776622035 0.1563520611676928 0.12525088129910705
82 0.34822414218872816 0.6600131951047253 0.11796685644779692 0.06427677974965462
12 0.18761597643228914 0.5990330484555612 0.3752319528645783 0.33140992066739017
12 0.13212595519064574 0.7536464611071154 0.2642519103812915 0.14275490279729763
22 0.7614150845645256 0.361330109766434 0.4771698308709488 0.2330082024508487
44 0.7403545055044676 0.47250305923782737 0.519290988991065 0.25185576853274705
44 0.5607897423185444 0.5998382888255516 0.2781007541823608 0.09875440124139956
44 0.4922880152611749 0.8330382095185308 0.22021155042222362 0.0796249010245329
12 0.09037530975622732 0.20366148153443095 0.18075061951245464 0.2822170919575369
50 0.5840754553845136 0.6046481531097916 0.4489664080458501 0.13409557269525674
50 0.6670544325443735 0.46647680003468184 0.6658911349112531 0.26716913243605656
50 0.5287342744913156 0.8316184761865506 0.4359961603271723 0.12539451385785938
50 0.6529986484033096 0.22843617239446629 0.6940027031933809 0.22240672445484677
10 0.5441640110326462 0.4360422337053903 0.07721195058251651 0.058023397391101905
82 0.40232038547268967 0.46313862278920725 0.03536917144496504 0.033356897781172234
45 0.03777183355992425 0.4222175532295097 0.0755436671198485 0.11034442153550983
77 0.7464803134963282 0.7624709407250525 0.5070393730073437 0.26780226074917624
16 0.37521468583977824 0.5136096799449683 0.7504293716795565 0.7133943299571368