65 0.2943285528031291 0.3415906127770534 0.07627118644067798 0.06518904823989569
40 0.7558670143415906 0.13428943937418514 0.1936114732724903 0.15123859191655803
40 0.22783572359843546 0.13168187744458928 0.16232073011734027 0.16427640156453716
9 0.5329204693611473 0.42112125162972613 0.07040417209908734 0.32855280312907426
79 0.6077217797157979 0.847457627118644 0.560306114623164 0.30247718383311606
44 0.8697723861382889 0.6153846153846154 0.22786070360347643 0.7144719687092567
44 0.2349436854272351 0.6505867014341592 0.36676004952176533 0.680573663624511
39 0.46985006518904826 0.5945241199478488 0.10267275097783579 0.14080834419817478
39 0.5857625475222682 0.6258148631029985 0.10365091538571058 0.1147327249022162
55 0.2645045632333768 0.30182529335071706 0.05182529335071706 0.03520208604954367
55 0.743155149934811 0.3109517601043025 0.0528031290743155 0.027379400260756248
50 0.2943285528031291 0.41916558018252936 0.44393741851368973 0.7340286831812257
50 0.8086704721001828 0.47522816166883963 0.33637548891786184 0.8096479791395046
68 0.4987878787878789 0.26260993776145286 0.9927272727272729 0.5220045301499846
85 0.3181818181818182 0.15572353841444764 0.6339393939393939 0.3054656463626162