20 0.15631746699736646 0.5622104641009833 0.22121618134522342 0.09427308037994597
84 0.25951706724697937 0.7844794602433424 0.5190341344939587 0.3972969311830197
37 0.9470897364019155 0.40951578079225087 0.10582052719616897 0.1869218445095121
76 0.45797511691387094 0.5521477303908292 0.4790266363034615 0.16628823221940814
52 0.7090529021788232 0.8363937796904437 0.488041999599431 0.3272124406191126
74 0.41416383584009947 0.11344989587021811 0.6648216006479707 0.22689979174043623
81 0.490629791393617 0.31676222111049224 0.48616765536513007 0.23813472987398304
80 0.8449082380549441 0.22826130259323527 0.19522773695484985 0.086127486257283
28 0.8127432895077457 0.3994593230891795 0.22042396836388378 0.2165568738608824
86 0.812392260683306 0.36708096648588395 0.3752154786333881 0.608987952519096
71 0.15234464806214132 0.3407227879250331 0.25909223092239664 0.20373973470756573
3 0.5 0.6038381750335235 1.0 0.792323649932953