86 0.49863314764083894 0.8091870017201033 0.22253572832941304 0.37506844792808003
51 0.48047561981472 0.9471349698319339 0.09968844620310618 0.09750727719535512
81 0.7009307460444556 0.7362422472015431 0.1784946063462951 0.12478830393161322
12 0.16853431120399465 0.6048601931954807 0.18510345590848298 0.23743554315688575
12 0.41816056724128026 0.4848369599402793 0.28837285183143346 0.1796792424722533
12 0.6473906122220097 0.4850748315166061 0.14520385241269806 0.11666488917714701
12 0.5732056048598014 0.3515442744047362 0.08822907513394318 0.13745053211947433
58 0.8363103661465248 0.41794020044451746 0.3273792677069506 0.378981934317275
58 0.8185698627497251 0.8885170063536922 0.3628602745005498 0.19423622631169535
81 0.217205431304476 0.859617423448596 0.38011642671525336 0.2807651531028079
81 0.47637724859684016 0.2101203611658779 0.9527544971936803 0.4202407223317558