38 0.4695303790248908 0.1656947667592662 0.2452431061042621 0.25562482901648886
57 0.5476791953434255 0.5742282851021475 0.446585324934473 0.851543429795705
86 0.5330666437739556 0.5100551514395677 0.4696437061506351 0.9798896971208645
12 0.8387050394274718 0.2504018016172204 0.32258992114505647 0.5008036032344408
12 0.09333853010481563 0.4793556143359864 0.18667706020963126 0.839261805967966
12 0.6612439982621008 0.2415931499550883 0.25880931127958806 0.4831862999101766
28 0.829853646868308 0.7147961388785944 0.34029270626338404 0.472302713923848
28 0.35705799255629644 0.7751630707504854 0.31001900942429467 0.4206817939230867
49 0.7886509472640344 0.7253774546580292 0.16670290332296733 0.22553352409520044
49 0.45298364905901034 0.8134008733360193 0.13848822506729147 0.1995136508887867
49 0.2803494256356383 0.7025871111079722 0.14273485239646055 0.17763798281721377
41 0.5 0.5202400560217748 1.0 0.9595198879564503
77 0.14955521660036167 0.9343662799711188 0.12345390608867096 0.13126744005776259
75 0.9923226661953233 0.612782363158143 0.015354667609353556 0.07405854595666694