32 0.49767406993120605 0.7477582967633962 0.14331173056668056 0.179471022038297
32 0.5081789678584905 0.4665591140358212 0.14331173056668073 0.17947102203829712
59 0.5478097305085987 0.31759836012750303 0.13910464115698296 0.12938925403542767
40 0.996031767623559 0.14257480291009691 0.007936464752881789 0.12945750618069957
50 0.9503904205015206 0.26318836027811854 0.09921915899695899 0.3716518053216374
9 0.019579301656543313 0.7095501594943505 0.039158603313086626 0.29554702462691707
9 0.07176958366996866 0.7244265649788493 0.14353916733993732 0.29554702462691695
9 0.04707442297885203 0.7161122405993214 0.09414884595770406 0.29554702462691707
9 0.11987364516247762 0.74007947833364 0.15325519409867083 0.29554702462691707
9 0.8204802412125277 0.8632075276931368 0.15325519409867083 0.2735849446137264
9 0.7772438070693034 0.8528310125022772 0.15325519409867083 0.29433797499544556
9 0.7242225760909402 0.8571267581768783 0.15325519409867072 0.28574648364624333
9 0.861645384566288 0.8552189309814774 0.15325519409867083 0.2895621380370452
33 0.6382219378117135 0.7235830107294692 0.05827116690129197 0.048344772100723965
33 0.5965688952529298 0.7462153946720971 0.05827116690129197 0.048344772100723854
33 0.6787374703640032 0.7344457545941061 0.05827116690129186 0.048344772100723965
33 0.6750474046613862 0.7755959750268293 0.05827116690129208 0.048344772100723965
33 0.6315834685168631 0.7615419702065629 0.05827116690129208 0.048344772100723854
33 0.7170962951162799 0.763809944665288 0.05827116690129208 0.048344772100723965
9 0.2787127392241253 0.4818295501615576 0.1203188222893159 0.24785439142948373
9 0.2983721724437795 0.5161306883495052 0.1203188222893159 0.24785439142948373
1 0.5 0.6441307964908081 1.0 0.711738407018384
86 0.511134474266041 0.4697515706732942 0.7347997838805536 0.9100596700104617
86 0.8414216367232858 0.3941675609025641 0.3171567265534284 0.5426906240525526
79 0.1459574997067595 0.6432911567900712 0.243952172202266 0.20176619950784103
45 0.2068821440621576 0.07209536521218443 0.09934396622433728 0.09331856687492074
45 0.7596242239995844 0.16346299679651907 0.07270830631411873 0.07381609786090587
45 0.45151376539058513 0.10181740345761844 0.2767088114301238 0.2036348069152369
19 0.27995904495349533 0.23228076136200135 0.4440915217494767 0.23545748611367784
19 0.7362492893024863 0.31497400790683633 0.193691751722588 0.19180353890697677
45 0.3383230511117359 0.03971938342795178 0.159690106480311 0.07943876685590356
45 0.9009046056568961 0.10028290399629494 0.19819078868620776 0.11487929254471202