32 0.31776652675223693 0.2489061758503992 0.28860044737446533 0.1694360369904795
32 0.4852315283228289 0.7181269891997656 0.17570166737412474 0.10544417924039529
32 0.32795123316332697 0.44530768116387665 0.2323223888736593 0.14769934166885285
32 0.6228430771020586 0.5620081245837937 0.1785982233873229 0.13976802713136777
32 0.5413141361102779 0.36475729229086357 0.20658144634069836 0.12739475234239783
32 0.6554906016493977 0.6973486211284634 0.2169836903423914 0.12887128299819162
32 0.45357962830503096 0.7964928705154071 0.12255359719522874 0.07636100977768612
32 0.873010003851356 0.07326535259586303 0.24356558041195087 0.14653070519172606
32 0.35875375563398815 0.712672432991126 0.147547112921385 0.10755822047594965
24 0.7566780295942239 0.34605032332425095 0.08536708121993808 0.057028714509131606
24 0.872691829582392 0.5171733876976699 0.07387474741271138 0.045926338118314924
86 0.5 0.4987004961666856 1.0 0.9974009923333712
62 0.47339059262472494 0.5575916953063356 0.9467811852494499 0.8848166093873289
14 0.668757432659377 0.2291331787725802 0.4404143987881898 0.29134829950908586
14 0.9094780880525775 0.6169869896312723 0.18104382389484508 0.24018367261578888
83 0.9064526478384188 0.17606675572390076 0.18709470432316233 0.1885342414140208