86 0.40673291680937984 0.4129014889848382 0.43700871067030606 0.4345626866639053
86 0.5350046305182634 0.48310339812284375 0.4751314377089062 0.46742771815721246
86 0.7055056251670055 0.643614572109789 0.5889887496659889 0.712770855780422
0 0.9230853657548542 0.3469305759664112 0.15382926849029155 0.2671923246262002
81 0.23243440024761094 0.3794283104127211 0.4648688004952219 0.4924382108976265
33 0.07030273911403942 0.6794697127960867 0.14060547822807884 0.26619502768014824
33 0.20758895428780294 0.8550818983132207 0.38370306769383766 0.247346731522454
33 0.2886951747173434 0.7581483399212208 0.3063562541436665 0.18260894819102724
81 0.5128584003567839 0.08863399466139249 0.3353450898922426 0.17726798932278498
81 0.7498927677752074 0.14291814545624112 0.34871317972137883 0.24131151257962474
58 0.5 0.5 1.0 1.0