32 0.3550395438069389 0.6029986962190355 0.09342708411231399 0.08735332464146117
32 0.37891046543085516 0.531942633637549 0.06021536707034347 0.04954367666232129
32 0.30366516900764107 0.5423728813559325 0.04049591007667347 0.03650586701434244
32 0.7001300411961622 0.6857887874837028 0.08823775332450645 0.07040417209908822
32 0.6866377811478618 0.7816166883963495 0.10691934416061444 0.11864406779661119
59 0.5864351680525475 0.5446435516590917 0.1556848509579064 0.147884942292838
39 0.3519322770722351 0.8005215123859191 0.15779661016949154 0.11473272490221642
58 0.7221510657421665 0.12706728298797926 0.5230977144324604 0.22805894668000032
62 0.14795479914396442 0.6219035202086046 0.2605628730859072 0.5501955671447198
86 0.7357944915254236 0.621251629726206 0.5284110169491525 0.7574967405475881
50 0.2740677966101695 0.5756192959582791 0.35296610169491516 0.8383311603650587
22 0.7453751589120514 0.7483702737940024 0.4360104826967316 0.5032594524119942
58 0.8476056111967119 0.3600104697936299 0.2988552901900361 0.22805894668000015
40 0.32140159232202964 0.12606694540255742 0.36125219384314755 0.2134966011225672