33 0.820563625007587 0.8370222598414985 0.10777922642329418 0.07822685788787476
33 0.9386686551073439 0.7855280312907431 0.08692779682548246 0.05867014341590582
33 0.89349055764542 0.8507170795306387 0.09387827335808663 0.06649282920469357
33 0.8570005558492511 0.7907431551499345 0.09387827335808696 0.06649282920469313
33 0.9577824655720043 0.8337679269882657 0.07302684376027568 0.061277705345502254
28 0.5971494358120661 0.560625814863103 0.09563100222283105 0.20860495436766618
28 0.5633467360884619 0.7965102708262686 0.25018738377085437 0.2863942356392766
74 0.09732508743068687 0.2765807490938381 0.1807431779035293 0.5375161266101012
71 0.8827857973518732 0.27919343058219614 0.23298547537199776 0.5453490515164132
71 0.8231203824424165 0.6101694915254237 0.3181225554106911 0.1277705345501955
71 0.21555845284658842 0.6440677966101696 0.41025641025641024 0.08865710560625784
39 0.7283789656671013 0.2966101694915254 0.12516297262059983 0.15775749674054756
39 0.24337546870859575 0.3428943937418514 0.08344198174706646 0.13559322033898302
4 0.49497798245000746 0.4532541746165728 0.08996756374613452 0.09852426432615086
57 0.3928522659214547 0.5971316818774445 0.4102564102564103 0.2659713168187745
50 0.5397653194263363 0.6786179921773143 0.4745762711864405 0.5593220338983051
2 0.8603839441535774 0.8841623036649218 0.24432809773123887 0.09031413612565431
3 0.5 0.7859947643979059 1.0 0.4227748691099469
25 0.48865619546247807 0.23494764397905765 0.5235602094240834 0.331151832460733