62 0.44411471858406876 0.6610012947412462 0.8882294371681375 0.4399729647744966
38 0.6708553590964225 0.22593800065840336 0.4639877141597047 0.18207973130975164
12 0.26772620513079265 0.16688977989643436 0.07917069150923017 0.04955450818899615
12 0.2839581507566197 0.2534817006801612 0.08951817243125415 0.05641616431856328
39 0.5528187840703821 0.8893334558196979 0.2774439338125641 0.21131387989010486
50 0.6876983707852627 0.3884906058948564 0.4912968968802561 0.5759412071512231
85 0.254905333800652 0.2187542730898101 0.509810667601304 0.4349511507291326
48 0.6866412694919173 0.73694710253026 0.601273439322224 0.5261057949394801
47 0.22069055124544998 0.27320736640644666 0.23206440940936762 0.20332233287194923
74 0.20909639989882112 0.07970031000215863 0.22511530496568377 0.1352078544697018
83 0.7826763978305715 0.07076645429383016 0.365904868470769 0.14153290858766032
83 0.9236686198430237 0.3658147633883706 0.14233175129002618 0.4589337369344848