63 0.8912703460817677 0.33266707156552033 0.21745930783646472 0.25149634702670426
28 0.8636726505106187 0.6318672878171041 0.2726546989787625 0.15474833232718943
14 0.4318074976946552 0.7861635376463054 0.8470822695656055 0.26629611991062074
22 0.46828277719697653 0.6398772047448016 0.9365655543939531 0.7202455905103968
73 0.007996943331429779 0.465692379522171 0.015993886662859558 0.06225115465714154
83 0.7209126476729498 0.447659161874859 0.3579111687965566 0.3335084992894535
83 0.9213890603286672 0.6772890832589051 0.15722187934266563 0.1993744223190187
86 0.7485306357567991 0.6370981328926596 0.5029387284864018 0.41341945488453447
73 0.02292449217967585 0.4483894826203882 0.0458489843593517 0.049876563580127375
31 0.004218089437659361 0.36993111716896876 0.008436178875318723 0.21038052734126417
31 0.1674795504056228 0.9167308835770732 0.3349591008112456 0.15783537400678616
28 0.5077081837136844 0.2240040394194605 0.9845836325726312 0.4445885175328165
68 0.5 0.4895748605086783 1.0 0.9724616015860755