63 0.5147840414166506 0.22632284710399764 0.17250383673520386 0.1819687931725582
63 0.6880965813592823 0.1311438978988367 0.23805723587894267 0.260313148139572
63 0.8468353392006154 0.16652702900882163 0.10520981275492314 0.191076841380943
85 0.06865601106228611 0.29766769991897646 0.13731202212457222 0.5025581472125698
86 0.2976205889171416 0.570073811367236 0.24311142817036807 0.6220786201638688
79 0.8931948612021168 0.755433900503973 0.20656560718511552 0.48152673940054413
64 0.8201682597292868 0.37265191890335125 0.20813671609586404 0.1396543064930586
5 0.6379798155768408 0.47235360102154433 0.5538644908004159 0.37293172183511664
32 0.922760363431685 0.4393154163813316 0.15447927313663 0.1832493695374232
57 0.34258718359719875 0.5794506845895303 0.15665710339150224 0.5931368912879773
68 0.4995775595548949 0.5001888823878973 0.998822028145465 0.9972110671086427
31 0.27199133061555386 0.9282650391376874 0.5006361392085 0.12296703522870489