50 0.07531170808360517 0.29080982576745296 0.04328259085264665 0.07335743352692503
50 0.11772864711919884 0.2953946653628857 0.0346260726821173 0.08252711271779067
81 0.8629693681250532 0.22989695685670264 0.2740612637498937 0.4597939137134053
54 0.2354572942383977 0.12444564616174784 0.4536015521357368 0.24365147564300102
28 0.4804816642108584 0.7034453893564061 0.593837146498312 0.16767413377582863
22 0.5903745392301002 0.406085792738335 0.3220224759436909 0.162434317095334
86 0.4613924184892133 0.584894536960215 0.5349728229387125 0.6222282308087392
86 0.5739701893798052 0.3805416864209237 0.3410668159188557 0.4597939137134053
37 0.6171522100710629 0.9077982398956955 0.7566947590796205 0.1702940421160759
54 0.9152255897962582 0.14943250757694698 0.1164372129596859 0.13055305028999453
81 0.8768540455367384 0.22356665476757093 0.22073074398013304 0.44713330953514185
47 0.48927428366978876 0.48855889556560367 0.9785485673395773 0.935034656116135