36 0.6621074224101541 0.9509137731064353 0.09182668453831178 0.09566932487599034
36 0.5821293423283989 0.7255011172342392 0.11256174233728533 0.11663794402689232
51 0.542880840066056 0.7949596681716018 0.08738345786710311 0.05373208657418638
33 0.48141620444766986 0.8290336742918176 0.06812947562519905 0.08518501530053946
33 0.5502911465554207 0.884731568911401 0.09330776009538133 0.06552693484656857
33 0.6361886001614372 0.8690051045482245 0.06961055118226855 0.05504262527111803
36 0.7287558224782837 0.8054439777470528 0.09478883565245089 0.12450117620848056
28 0.09707709738812326 0.5688917429509399 0.17032368906299755 0.30404497768807864
28 0.5880536445566771 0.4706013406810869 0.16291831127764977 0.2542445072046865
39 0.7509719558343269 0.6927376498109548 0.1332968001362589 0.10353255705757836
36 0.4784513151646327 0.09578727335871418 0.45018508673204066 0.17561218538880397
57 0.3362707998548546 0.4791198422111409 0.32583662255529966 0.28176581984024535
50 0.47401082666232214 0.35986082079038595 0.6575975473388774 0.6775485063135203
35 0.7160912436900448 0.6173816747373999 0.21473815767724658 0.23589696544764754
83 0.8546560069696696 0.26157041852053287 0.27546143406642676 0.5097995531063042
83 0.12155052173597287 0.17567115963016602 0.24310104347194575 0.35134231926033205