67 0.3164422302965037 0.7226075994871655 0.6328844605930074 0.5117123329334603
67 0.41562442694950175 0.47894292340110955 0.26106308696489383 0.21591839042007455
67 0.6600194524110676 0.7121668388335188 0.2413988286173505 0.19421951830184514
67 0.8425615370771543 0.6370872440102078 0.16328456807185998 0.10080733511723616
44 0.6026153460903176 0.5700657553134015 0.3053421828400014 0.1829280534105287
76 0.49321177209093603 0.6806109242221978 0.23738353307161253 0.1309595779714242
50 0.5907833872135043 0.5826793349228816 0.49680247737395716 0.27064732003334796
74 0.8194297371030028 0.40094952412062224 0.36114052579399425 0.5636782292221516
54 0.7337623758657652 0.39532434346051704 0.19917383198786864 0.15595353161746522
54 0.5871222497993186 0.40057701091785475 0.252030953738614 0.22051192562547295
54 0.800928388846537 0.6626838819959486 0.24758272758446898 0.2153301553063458
71 0.20581908505767946 0.5153484835560633 0.27761656763805215 0.18018706576467097
71 0.5238542801525492 0.8190209771975105 0.3029525043405281 0.20223074917848483