32 0.21789664305029122 0.2513136580933191 0.06085401742845972 0.10140518615094885
32 0.6222736508716709 0.42185874389264194 0.06865962978053208 0.08165092910855665
32 0.5516013350877644 0.4179078924841636 0.04123490655613249 0.047410216901742464
32 0.6630202736338532 0.5008757720622128 0.042149778826823026 0.05267801877971373
32 0.6168734960477673 0.49955882159271986 0.04214977882682314 0.052678018779713676
32 0.6767661222765171 0.4429299514045276 0.04214977882682314 0.05267801877971362
32 0.5736722574565383 0.4389790999960491 0.04214977882682314 0.052678018779713676
32 0.671856890618423 0.3928858335637997 0.04214977882682314 0.05267801877971362
32 0.568763025798444 0.3823502298078568 0.042149778826823026 0.05267801877971362
64 0.12351264119261018 0.634627336894871 0.24518990702166799 0.2083206016270991
64 0.12748707717669935 0.7718962067847646 0.2547019552732766 0.22588521664025107
64 0.07545720698117804 0.3601297878571237 0.13083913165369868 0.20361893473027265
13 0.9491263686019444 0.5706741469453334 0.08244737845146133 0.3529427258240818
57 0.4231620101915695 0.5393565636421447 0.7201552361406853 0.4075901865298829
28 0.38121149608579696 0.7097799784255288 0.5044122313879411 0.2577488726642744
28 0.845584124960511 0.8204056274441525 0.19632588885051816 0.34659621016341713
5 0.5 0.7833616477684274 1.0 0.42274110070720194
86 0.6797001140194896 0.34942646807053585 0.39555111328498815 0.6031633150277219
86 0.4352408768789904 0.49720938323076447 0.8676810531609276 0.7079826479233258
68 0.5055321090452833 0.4953066013672074 0.9867305425649213 0.9906132027344148
29 0.16668567735067108 0.29833735786597726 0.07300102657693633 0.11752583481998874