22 0.4392201329444358 0.42453345052859887 0.8784402658888716 0.5501333224756667
22 0.5 0.726276738761555 1.0 0.5269203681739306
39 0.4789837822153874 0.5302316107334107 0.1831450618999344 0.11819445929678779
39 0.38835690122132016 0.3836972270810851 0.16001416832481824 0.11975861560979145
86 0.767539756232348 0.25184115023327375 0.464920487535304 0.2963232154522025
86 0.8851442576571764 0.5582786852463812 0.22971148468564717 0.24032787711862919
14 0.20495143210115596 0.28956201179015667 0.4099028642023119 0.2143334995556797
39 0.5260797065846046 0.6565891673254541 0.14688006451640212 0.10578689403750485
31 0.07357514824196598 0.31158365643123165 0.14715029648393196 0.17929873300403915
74 0.8412480489411729 0.11111005465023999 0.3175039021176541 0.21915793956069762
74 0.9180979622191827 0.39329075590625523 0.16380407556163457 0.2456140460745252
74 0.9634613759182679 0.6356432510551152 0.07307724816346428 0.22201017947054313
17 0.7921283669064478 0.2612215842366062 0.1342388334011293 0.08917884811997412