55 0.45390440000298155 0.29608153529133885 0.19598372482013626 0.06417606043331575
39 0.6978598745729991 0.677314211212516 0.2906957919355512 0.4080834419817456
15 0.6891454615187688 0.4934810951760099 0.10646686269077521 0.07953063885267281
4 0.4444046895467432 0.3430535102977777 0.17606204737573805 0.08758046638590711
44 0.1801981967699785 0.6753585397653178 0.34312477376821204 0.64928292046936
50 0.4799114320024598 0.5241122685106179 0.956766652192826 0.9178771578940172
17 0.4464706450063216 0.3828534031413614 0.23970909750848118 0.06413612565444993
78 0.48032823497358457 0.6832460732984296 0.9606564699471691 0.6335078534031406
83 0.7960948414141988 0.20353403141361262 0.4078103171716023 0.39136125654450277
83 0.1645540667317871 0.18913612565445043 0.3284166197829564 0.37827225130890085
10 0.4420012293793836 0.44109947643979047 0.1328704946047039 0.06282722513089012