79 0.1996843843418951 0.773897210823643 0.362368533805748 0.4522055783527138
28 0.9230540912371197 0.7566944186701465 0.15389181752576064 0.29915097437660876
63 0.2212308492512367 0.23518203310278127 0.10172014310822763 0.11003260405805643
63 0.18030919731186754 0.2957205519800561 0.07376213952962724 0.0666194786184014
63 0.28906631007970257 0.27206890096566494 0.055524821250127476 0.05759365194104776
64 0.7467039985676156 0.4228262562094434 0.3135672619703459 0.31302500352715856
28 0.6977879376386057 0.6360063002985821 0.3137965988172584 0.12123186527843288
85 0.6718923541684079 0.07991697094478051 0.4145284443071554 0.15983394188956102
86 0.4626866889955373 0.4774377894304287 0.7496930594091044 0.6666395897000972
5 0.691989204208015 0.5954312043565922 0.61602159158397 0.5980272247283811
68 0.5 0.5 1.0 1.0