39 0.5211132802029913 0.3580325050468578 0.17270115969479843 0.09307759851630582
38 0.795151484016225 0.48781676213297454 0.13844638421814415 0.2530137537133386
64 0.8144204138070692 0.5828607887869486 0.35967390533441745 0.5977941538512038
22 0.2784752872433572 0.6385762526875542 0.523812608330504 0.6069708184936565
86 0.467590193520719 0.502237235142543 0.799278094455265 0.5073384595184559
5 0.8365594231903222 0.5153467560603324 0.32688115361935566 0.91635551215349
28 0.8237290484104194 0.9289521410165931 0.35254190317916123 0.1389609217285691
28 0.11933340467502569 0.9282966649707037 0.23121973446741598 0.1324061612696743
39 0.6973826456766077 0.7768816983702342 0.2226560405982525 0.11536378407654801
83 0.3691077140253382 0.17122183196835664 0.7364776727480659 0.3356037354954127
29 0.6245879486675121 0.5055146153719893 0.2226577536034935 0.16255805938058915