7 0.32374864260052794 0.4967386223532815 0.6474972852010559 0.5715991720013394
7 0.873176573412385 0.6712960466884536 0.25364685317523006 0.21172224780105586
7 0.7927109435156281 0.13681061664427294 0.3696297216010156 0.26676089265690534
28 0.7138206090463738 0.624498762687667 0.2792425806495007 0.2024872929039493
28 0.39045794233504294 0.2920082814054572 0.3107366519593251 0.21723802058191727
80 0.5580426871068785 0.3708008365691404 0.28733898326087376 0.2078590424374942
80 0.8400307143781132 0.5116499176080023 0.3199385712437737 0.29458796942257515
50 0.5308592763970694 0.6132374449607122 0.938281447205861 0.7735251100785756
86 0.4615665659617766 0.3934613018613695 0.6651858521761806 0.4771232017410165
71 0.5883279557763268 0.08346354974226547 0.34161251329523734 0.16692709948453094
3 0.6998830733230866 0.30143780566655587 0.6002338533538267 0.6028756113331117
74 0.8132110277316856 0.22542016355750347 0.37357794453662874 0.45084032711500693