27 0.566660907347387 0.21023773505400678 0.26658075248726276 0.11610946694525603
44 0.6641995566964187 0.6357211178517932 0.6716008866071624 0.719989186323049
85 0.29721978179599895 0.2240934346963269 0.22280640643232158 0.21678359954668497
85 0.3834356633370904 0.48883076003911524 0.16227764567006975 0.18953957472707172
86 0.26490818545036915 0.5219491193398257 0.5298163709007383 0.6870671197252085
50 0.6596468434229179 0.4200362198689497 0.6807063131541641 0.8029518299049492
12 0.42338553741580054 0.3410941932221304 0.8467710748316011 0.6821883864442608
74 0.5225079299987339 0.06250742954179256 0.515861615360439 0.12501485908358512
12 0.8419009879732053 0.26589779612768544 0.1992895250294502 0.17386755208225846
74 0.7524603831762511 0.10728715508946637 0.21728330011449992 0.1895410600440261
81 0.029583503691820973 0.3368434364825055 0.059167007383641945 0.11500116778777003