12 0.19293379854584947 0.15893918450462866 0.3718874812017402 0.3178783690092573
85 0.6365941631063696 0.31526208613675305 0.07176775953016057 0.0549419403225877
85 0.7696907353259398 0.31329987398237497 0.07698723295053567 0.06933149612136058
85 0.9341041480677619 0.3244190761905177 0.0848164430810987 0.060174506067596056
85 0.2183838552987986 0.24920094360602268 0.05219473420375323 0.10334317346391497
85 0.08072024383640007 0.08829954694701594 0.06393854939959759 0.16875024527651933
85 0.21185951352332955 0.1013809613095368 0.0521947342037532 0.10334317346391497
12 0.7768675112789563 0.3322679248080301 0.4410455040217136 0.19883749831031702
12 0.4180287136281537 0.33357606624428227 0.3157781419327058 0.15174440660524213
40 0.6424660707042917 0.6213671822197415 0.35753392929570815 0.13604670937021723
40 0.36387667689176034 0.4761634827957597 0.1683280178071036 0.07325592043011658
40 0.13748201728298148 0.41206455241940726 0.17746209629276027 0.17529095245777937
40 0.24317635404558136 0.43888145186257477 0.06785315446487905 0.08502919335638476
50 0.8701655986681645 0.625945677246624 0.12657223044410115 0.372820309331845
62 0.1929389223744689 0.748256901536194 0.3666680077813649 0.4735471999232558
50 0.6659537010959806 0.48532047284952445 0.0313168405222517 0.05232565745008333
50 0.95563447592681 0.5219484330645828 0.028707103812064316 0.06279078894010026
50 0.6287649529758066 0.4611198562788609 0.01696328861621954 0.04578495026882318
86 0.6476855441246672 0.7639545987712191 0.3105586685123306 0.4473843711982136
50 0.185109712243906 0.658649213152926 0.3457901140998638 0.6710765567973209
74 0.6894413314876695 0.12296529500769623 0.6054589167635349 0.2380817413978799
40 0.5341619972315044 0.4742012706413816 0.12004788866863203 0.10595945633641879
77 0.7712762628822093 0.5825690683147828 0.4569102748425682 0.32179592363268006
16 0.4943430170866643 0.2580591500464024 0.9746341846826974 0.35327181354952775
19 0.3581038299804809 0.6297168572379135 0.6628560449589312 0.6395664431175472