39 0.8049957319029404 0.6610843781900182 0.28998735541156506 0.19940000750134879
40 0.07188398383005834 0.5674158062469283 0.14376796766011668 0.3557199016168763
33 0.15812080770902237 0.9268494299915769 0.18478685274676665 0.13594710387851472
33 0.22099619899278292 0.9657234283776129 0.15774237979952282 0.06855314324477413
64 0.3026558885324605 0.4096911856750852 0.5655688329986535 0.4047777717520469
20 0.9280019464508223 0.3783581495669327 0.1439961070983553 0.16595215469182928
41 0.8839789082175302 0.23459217593954002 0.19873242988319062 0.1414120140246653
81 0.865301995761369 0.15163396546219482 0.23508623089170833 0.1573908696404357
83 0.6322217487307369 0.12300527594194374 0.4933630725806887 0.24601055188388748
85 0.9863322664289011 0.43897748778940376 0.0273354671421977 0.2717122478409456
86 0.5077650199827262 0.5992073856839966 0.9844699600345476 0.750501085018296
29 0.820725373910513 0.5812048548373975 0.1746617189770625 0.1234124927035316
31 0.4479880495773635 0.28010613681526253 0.4281941300991014 0.3216901410207728
21 0.8264399812997618 0.2570799624065295 0.34712003740047626 0.4175136534869876
37 0.9774909212384612 0.30619089771745156 0.045018157523077695 0.13001013451556148
22 0.6399016666433677 0.6815254844274441 0.5680158105460978 0.40537483700152616