86 0.7142293307816824 0.4734291707158106 0.48912425771219664 0.6651865804882173
86 0.12023888104407224 0.4648272294255671 0.24047776208814448 0.27496371738194086
86 0.305402423129977 0.431865596878844 0.24154123645203585 0.14480496333674708
12 0.8122232251401651 0.127554265831582 0.20974999851961929 0.17314921448682458
67 0.38027679464857567 0.23972508448826407 0.15153748309014897 0.07880298660062646
67 0.26499254342589806 0.26751424914381244 0.10062071719568227 0.06390351788892534
67 0.13680468503728763 0.281184958098995 0.13174892427223123 0.06607206232989865
67 0.8708561985407904 0.2317525857447289 0.125992470529112 0.07378929370659892
74 0.43350043220661966 0.1013826420449549 0.8670008644132393 0.2027652840899098
47 0.3691100164889771 0.20056164495216286 0.7382200329779542 0.22434295672587362
2 0.5478760697796735 0.7972565906983378 0.5545159566725777 0.40548681860332436
2 0.3060254870394455 0.5192446993494568 0.1431583838900493 0.08146899515843431
46 0.5 0.5880106719591403 1.0 0.8239786560817196
54 0.18361855578177758 0.20610964264190326 0.36723711156355515 0.08879719599364261
71 0.14290518072569064 0.2344466738830338 0.2858103614513813 0.07325183764751941