39 0.5432844686453943 0.33800192083366665 0.09027756187576852 0.09505121415227052
39 0.443855929273788 0.35997725987855334 0.08383485991438544 0.08784694582845437
15 0.2641521826569372 0.6679182402148138 0.16589630840687225 0.15943890190364896
39 0.26921176066083263 0.9402484510493174 0.19733711755727484 0.11950309790136526
39 0.4719305693531018 0.8577911928565132 0.17598098231523662 0.16931655922263344
7 0.7086084008664861 0.6411448410871163 0.5827831982670276 0.647681401833965
71 0.6694671833972433 0.19206444191429478 0.4847125937411099 0.38412888382858956
71 0.14636324818220176 0.18666013511512813 0.2927264963644035 0.22463243427406543
40 0.2317147745257955 0.4277340265639552 0.3632777165966205 0.39931060472177055
40 0.3795338714338855 0.0823494815248483 0.16279166254971994 0.13620105330307258
50 0.4577791780739191 0.2885172424058139 0.4045297312140139 0.5665945044789313
50 0.305780335208104 0.5934116706073783 0.611560670416208 0.7776581673449441
7 0.29560046521876027 0.2176511681226851 0.2885780252358383 0.28141690290863286
76 0.6115896870639839 0.7876211178939807 0.7768206258720324 0.4247577642120387
76 0.3021485150074365 0.40630949072743294 0.604297030014873 0.19974085462726854