22 0.6491055862768311 0.6717828586369305 0.6702316667249456 0.6487223064321037
51 0.2480805446907141 0.8858349556985354 0.1800899492308025 0.16808999033058547
51 0.14225449204993335 0.9370498746273861 0.1912295337193058 0.12081468055010836
86 0.16546195973431505 0.5411191552158894 0.29705558636008667 0.4504286459639911
32 0.7892786910904971 0.23185983706860103 0.08540348107852491 0.08667140126420822
32 0.562773806490931 0.10710554737011949 0.18194654664555304 0.044648903681561755
32 0.4801552215345319 0.25155788281046654 0.1243920267882862 0.10768265005553149
86 0.6352058813841162 0.5299569292954986 0.6868598634458123 0.921868540719305
29 0.6497155720501117 0.25454095073236943 0.18451585214656663 0.15161135468248219
80 0.15963769060666494 0.4766845443323543 0.19570821046719222 0.08173829556794687
83 0.5007296744298009 0.14577628324276262 0.96362995058608 0.2742187980344027