39 0.8793246556020267 0.48633176119610616 0.24135068879594668 0.1904595989613752
39 0.9111233095029623 0.32376541093287275 0.17775338099407534 0.16333984314317507
36 0.37659950519715246 0.7066879831099382 0.39333308401754435 0.29125150404500255
36 0.6645054905610613 0.24419956096298603 0.4578580754654922 0.20418283172798862
36 0.08128816161347979 0.4255903318987213 0.16257632322695958 0.47849077321166916
36 0.3302332762618036 0.28848644901690235 0.3680169847043887 0.17821040204418842
28 0.9926367120718903 0.2767151483386605 0.014726575856219393 0.10928036629116605
36 0.9973959252209832 0.41461840570449593 0.005208149558033615 0.16879970655410254
50 0.5 0.55633243374276 1.0 0.6935402142091609
80 0.7305558806242676 0.8657423298006546 0.5388882387514649 0.18853770530870018
80 0.7703032045274871 0.6480615217470823 0.45939359094502563 0.3964097336040737
36 0.7537796754641488 0.6805619360210384 0.4924406490717024 0.24587975075625967
80 0.5872210307580373 0.42762106544991557 0.2823435598841564 0.23893756588367177
29 0.2983236391887519 0.4120443510856975 0.27555945491642175 0.15682373558982216