7 0.5385783301436582 0.5365239396212852 0.9228433397126836 0.5768689953394783
71 0.2558873616414716 0.33585068392122425 0.5117747232829432 0.35155473333370113
74 0.7767337097346301 0.25147787778367947 0.44653258053073974 0.38007783363398456
71 0.13184062948437852 0.8387424713212239 0.26368125896875705 0.17002285704714848
7 0.16134483927168197 0.606748936020707 0.32268967854336394 0.41800695173150126
50 0.31667902095074735 0.5997640002224035 0.10069386239220501 0.06168316131726104
50 0.490794478489165 0.3741978957666853 0.10069386239220507 0.06168316131726104
50 0.11903478712605436 0.5871417579418643 0.10069386239220501 0.06168316131726104
50 0.21040483290951842 0.5404366328922603 0.10069386239220507 0.061683161317260926
50 0.2392142157566141 0.5779530791758682 0.10069386239220501 0.061683161317260926
50 0.22236680148853055 0.6353706349382596 0.10069386239220501 0.06168316131726104
50 0.2683981867293721 0.6809252273879335 0.10069386239220501 0.06168316131726104
50 0.34689969262551784 0.46470779420508657 0.10069386239220501 0.06168316131726104
50 0.36233247160733156 0.3948380871837844 0.10069386239220501 0.061683161317260926
50 0.40753765629765404 0.4301602264412969 0.10069386239220507 0.06168316131726098
50 0.26572296475521934 0.41466302354060547 0.10069386239220501 0.06168316131726098
71 0.057133177119448514 0.709051318774208 0.11426635423889703 0.42704006741295963
74 0.9255548397822615 0.5843538176685734 0.14889032043547712 0.4225821804307298