51 0.3626596255679302 0.946468081834102 0.18896886511302025 0.09673845035320883
51 0.23979086686254703 0.7660639446889275 0.14632020506652357 0.05752015966947621
51 0.3707831798625012 0.7954776627017277 0.1280422079037391 0.10066027942158262
51 0.0995616539906168 0.7562593720179935 0.1991233079812336 0.10066027942158262
51 0.25908430831215257 0.8451541642344558 0.16459820222930796 0.10066027942158262
51 0.10169044385484365 0.8490759933028296 0.18693797653937747 0.10066027942158262
8 0.3505086014159369 0.659520921664785 0.465265102129509 0.1346494646808184
8 0.6166386808798687 0.5993862092830602 0.4002498913515864 0.13987857010531612
55 0.23771186440677966 0.348389148907166 0.19910908300738805 0.061441988737849174
40 0.17879182963928725 0.05882743602560018 0.34132985658409387 0.10458210848995585
14 0.8279280747501085 0.15621952455687177 0.1686332029552372 0.14772222824206283
50 0.22858039669389407 0.25491888944426766 0.45716079338778814 0.5019941207517886
83 0.6399813480292491 0.10850393755832922 0.15850721003471546 0.21700787511665845
79 0.7037480439632873 0.4970242409406965 0.5925039120734255 0.5940769075640859
45 0.8883106448778006 0.5997712055921283 0.21003806296487793 0.6772033743666044