40 0.35465810586649305 0.5997747168498495 0.13962692602869237 0.12212901935546894
40 0.29807570320929 0.3552803129074319 0.04837060780979918 0.04563233376792658
40 0.45655911781371283 0.33441981747066496 0.04838385484571922 0.035202086049543724
40 0.5739148739678401 0.3428943937418514 0.02985386788352895 0.028683181225554077
40 0.08081133202955237 0.34810951760104303 0.04632496740547587 0.04172099087353326
40 0.6841664434226193 0.47878603784442547 0.055525160179048516 0.05551779955753455
60 0.6017017819986121 0.6179921773142116 0.12248765786945393 0.20078226857887804
14 0.664002997619854 0.8122555410691008 0.14001386724361675 0.1747066492829199
14 0.15978152477179283 0.8624511082138206 0.20788636392345156 0.2177314211212512
48 0.9270140699695788 0.6779661016949154 0.1286804650152108 0.07040417209908734
79 0.932161288570187 0.8585397653194264 0.1307393524554541 0.27509778357236003
79 0.3319927058143546 0.5394321057137761 0.5660824995915412 0.3441667513234967
85 0.11632921022311297 0.2431551499348111 0.12971404843405746 0.16036505867014333
85 0.40750105858946073 0.18150493574222404 0.10698825202022905 0.28358938309731085
85 0.2737707620112396 0.16562724681915486 0.14000434593654948 0.31802842683105115
85 0.5055727330480471 0.21440788116567255 0.0767450558825788 0.23618863367359755
50 0.08975922791851698 0.4273647802898754 0.10944508005069098 0.18980126853281531
50 0.23054033531421608 0.5084745762711864 0.11735327233489232 0.37027379400260774
50 0.37820610447497527 0.7750977835723596 0.23569169361354964 0.4498044328552807
50 0.46001396961978613 0.4830508474576273 0.12146939133588908 0.319426336375489
50 0.2902240608286693 0.42503259452412 0.1132371533338955 0.18513689700130387
50 0.8689137309756211 0.6284704906902825 0.16599679933304445 0.5581143842488845
62 0.717785922057208 0.4771838331160364 0.09574364757965892 0.20078226857887915
50 0.5945817816912391 0.6955671447196875 0.24801107272546546 0.4550195567144717
62 0.5729713289962602 0.4178617992177316 0.058661319282165 0.10039113428943891
63 0.9630446001738376 0.24119947848761414 0.06897272924815301 0.08604954367666237
85 0.760368990183627 0.31539182523326853 0.07745788475664983 0.19271324629443842
27 0.3603697616883519 0.6536025872234354 0.08285901016502778 0.05315487471194935
85 0.5758783072613054 0.20979958623479697 0.07674505588257874 0.2361886336735976
83 0.931448900034167 0.1874039938556066 0.12498054920524149 0.2672811059907832
83 0.6707305893347069 0.19431643625192008 0.0970302099334357 0.25652841781874036
48 0.7610906848867445 0.9646697388632868 0.05700667343894439 0.04301075268817278
48 0.823889649354604 0.9480152923414021 0.06708003725683398 0.05582801228741685
48 0.8059521933989215 0.9907834101382488 0.03759920634920633 0.018433179723502224
2 0.8156602022529442 0.956989247311828 0.17101574500768046 0.07680491551459301
50 0.9642056463948677 0.3978494623655912 0.0557923707117256 0.1290322580645159
78 0.46873337982208924 0.4623655913978494 0.0836878435160634 0.17818740399385574
78 0.09401012924895041 0.5384024577572966 0.10794183324179395 0.2933947772657449
78 0.37382710210208236 0.8341013824884789 0.17948593693414044 0.3195084485407077
10 0.3712616867547369 0.7135176651305684 0.06306963645673319 0.04147465437788023
48 0.3764741620629375 0.46543778801843294 0.05214447466938943 0.03993855606758839
48 0.1938690649638899 0.5527288393964228 0.041052746162842685 0.04508186669777725
48 0.38417898136874484 0.5143263816391263 0.04105274616284271 0.04508186669777725
48 0.34902619426211556 0.5266151681214611 0.04105274616284271 0.04508186669777725
48 0.31144907701020147 0.5342956596729205 0.04105274616284271 0.04508186669777725
48 0.2823571152667842 0.5588732326375903 0.04105274616284271 0.04508186669777725
48 0.24599216308751248 0.5742342157405087 0.041052746162842685 0.04508186669777714
48 0.26053814395922115 0.5250790698111694 0.04105274616284271 0.04508186669777714
48 0.22659752192523436 0.5404400529140879 0.041052746162842685 0.04508186669777725
48 0.41690743833008925 0.5051097917773751 0.04105274616284271 0.04508186669777725
48 0.40721011774895016 0.5496566427758389 0.04105274616284271 0.04508186669777714
48 0.5332752853037585 0.49128490698474825 0.04105274616284271 0.045081866697777195
48 0.5247901297952617 0.45902684246861924 0.04105274616284271 0.045081866697777306
50 0.6331221198156682 0.39554531490015366 0.03881208397337432 0.08755760368663595
50 0.6537410394265234 0.3748079877112136 0.024257552483359035 0.09523809523809529
50 0.6980110727086535 0.3794162826420891 0.0570052483358936 0.11059907834101379
50 0.37841781874039965 0.412442396313364 0.03638632872503844 0.047619047619047505
8 0.9459707977681018 0.8264208909370201 0.09700954593919431 0.14132104454685035
8 0.9338981694828469 0.7288786482334869 0.13220366103430625 0.056835637480798784
68 0.5006534672127709 0.5906298003072198 0.9889957449933191 0.7941628264208911