85 0.10631759776307265 0.18964512711864406 0.06565234147581443 0.16727102346805733
85 0.19891679581478114 0.19037239243807036 0.0607529130074701 0.16872555410691004
85 0.2861266225513107 0.19109965775749674 0.05291382745811907 0.17599820730117338
85 0.022537370954384066 0.18600880052151242 0.037235656359417155 0.17163461538461547
85 0.09749862652005281 0.47400586701434144 0.1322845686452978 0.25017926988265965
85 0.27387805138044996 0.4689150097783572 0.138163882807311 0.23417943285528026
40 0.5526535549891897 0.5110963983050847 0.04507605940213755 0.03927232724902263
40 0.7085077506439836 0.5016419491525421 0.04311562926811474 0.037817796610169485
83 0.7839085549350979 0.36855239569752285 0.25673005174124464 0.14690759452412
1 0.7153165563782768 0.6405496251629726 0.5683337023279461 0.11199885919165564
40 0.8201643256008462 0.5263689700130378 0.04115519913409249 0.037817796610169485
86 0.755980824545508 0.5256417046936116 0.04409485621509923 0.11199885919165586
50 0.549225931301403 0.5707321544980444 0.07937074118717868 0.19927069752281634
50 0.7001283281264095 0.530732561929596 0.0734914270251652 0.13672588005215142
50 0.8431916394020649 0.570004889178618 0.09504891228588053 0.13672588005215136
77 0.15912076742265419 0.7565517187021737 0.31824153484530837 0.2668484848484849
12 0.16762340384981897 0.35532138200183666 0.33524680769963794 0.5138913192531377