22 0.4181588874810406 0.59387222946545 0.5355212783111856 0.5984354628422426
40 0.6258148631029987 0.1258148631029987 0.2653455019556715 0.10821382007822689
40 0.397035396077397 0.1864406779661016 0.28784840035163217 0.20599739243807047
40 0.08559255636228894 0.2601043024771838 0.15011919452589456 0.07692307692307698
39 0.7560519150219983 0.2561929595827903 0.30025601350228714 0.12646675358539744
42 0.6485909404816799 0.2842242503259447 0.6102371987894197 0.16949152542372872
81 0.8723859191655801 0.09778357235984353 0.2027640156453715 0.19556714471968706
50 0.7522294654498043 0.48565840938722304 0.47812255541069093 0.8800521512385922
86 0.3693923266936683 0.4674054758800522 0.7381795472535688 0.8122555410691004
6 0.5217004779714258 0.39634941329856566 0.16274711330777591 0.026075619295958363
39 0.421653816014812 0.37679269882659683 0.1577141577272047 0.0625814863103002