30 0.1175595625798912 0.8495899433861552 0.22425513327945484 0.07224937217258942
30 0.18064705216318977 0.9152711908157816 0.3557992604956943 0.07487662206977497
30 0.5812781173541494 0.7772347672040134 0.22547779503491427 0.3014492787565116
30 0.37326523844411186 0.9448277521591129 0.26586603066418335 0.08144474681273761
30 0.549104837069902 0.9573071891707401 0.2390202904159715 0.07487662206977475
30 0.5439376810873192 0.5719472251964944 0.2109297409344999 0.14803101101473032
30 0.5600385624300946 0.6914772543100594 0.27197465034836293 0.20059569137514133
30 0.4128427287681188 0.7431285888589618 0.21180399226230984 0.19297272977783153
39 0.697715974986899 0.26634046621107244 0.22155796436181086 0.1169126204247351
39 0.3948633713584146 0.5284086434552822 0.20949501410006677 0.16026224372828862
50 0.502963447216269 0.5218405187123186 0.5654063691418771 0.8039384685386268
71 0.21155523402085608 0.570444641810243 0.22158126491353236 0.22068899136354486
71 0.8998082586901924 0.6499189512000909 0.17457917841672255 0.2824293639473936
74 0.3653192027032769 0.05550366196197159 0.5828258725604425 0.10246274599021725
74 0.8454245382420856 0.17241628238670673 0.07923208866605114 0.3047609880734668
74 0.1719391896878306 0.2860448404399605 0.16652167787441213 0.3139563627136145
40 0.2749667272220021 0.18555253187263188 0.12758024064311832 0.14449874434517826
2 0.6669237784380249 0.4731461268842898 0.41109639473754184 0.341564838891036