15 0.6180422992228904 0.5274581950686918 0.10625996442208485 0.1257440779311389
39 0.6773735208147018 0.5764984690904988 0.17662584376000734 0.08770983607124672
51 0.6791842686736138 0.9050444014763044 0.15836522366403727 0.0825018127706989
51 0.6088007472394741 0.8623328609666874 0.19817080708450763 0.09828812983284962
51 0.7344920193292608 0.8640667096586799 0.14142535892564112 0.08723762889646403
32 0.8056689517910554 0.9331065524766107 0.13808845105733847 0.13378689504677865
67 0.3965880426216908 0.39709212678219996 0.6234577971847175 0.20791491915625443
57 0.6060031770409396 0.6654676955846895 0.7879936459181207 0.6690646088306209
80 0.7687304677375087 0.5343213200032373 0.22057317121928688 0.08950992321828066
32 0.6616183284477632 0.7809440768767162 0.15127897019610348 0.10334852857147625
32 0.29088029103139856 0.6572724383995002 0.12333344409422214 0.08814479982792256
58 0.5 0.5 1.0 1.0
86 0.9027395133845078 0.26093382755835176 0.1945209732309845 0.4083436971229245
86 0.7726762294829188 0.42772275278566285 0.34317678767457427 0.3051972012514024
80 0.9010788041766211 0.2690183659089193 0.19784239164675788 0.1937822231513635
37 0.16006259895137848 0.6542328489841918 0.14797676872230214 0.15207080830663544