73 0.035222977614038586 0.5352254690618149 0.07044595522807717 0.1124120710253278
40 0.20700849597658555 0.17104595390238475 0.2574653884776271 0.18711924426731796
22 0.5857854782494512 0.47712099800473917 0.8284290435010977 0.7381952792581192
59 0.3695582425948777 0.24870335548285638 0.11511879708187422 0.0861743694812721
81 0.3052983163532633 0.685605616702194 0.6105966327065266 0.478843854736935
39 0.877879901551839 0.8644258790573602 0.12590317923324612 0.07567805179629661
32 0.9657011272298461 0.8613626851920875 0.06859774554030762 0.046675385257584634
32 0.93629052278493 0.5435166573436294 0.12741895443014006 0.19755110345709348
74 0.10568704067641949 0.33433938169043703 0.21137408135283897 0.3630861037942613
86 0.4517728722489093 0.31588063971987224 0.9035457444978185 0.6317612794397445
58 0.6018415774608292 0.82534905726052 0.4803163598873983 0.29379544109378053
74 0.09889817668262127 0.4833712759054648 0.19779635336524254 0.1601725591178373
74 0.12330168977616851 0.07385353780194784 0.22370168627910725 0.14770707560389568