81 0.30539049073293273 0.3482875913634335 0.6107809814658655 0.35109087619496704
81 0.09536422429691566 0.17751659930504537 0.1907284485938313 0.13443404735236564
67 0.5404214546919586 0.7644034830685379 0.4583796413972751 0.3101045156273792
67 0.8908779236071129 0.8672831025028893 0.21824415278577414 0.22978858837338723
67 0.9704568818834957 0.8365020666520309 0.05908623623300868 0.22946036297527106
57 0.8250232258522998 0.4700958716203021 0.34995354829540026 0.4882596904913656
57 0.4710638677515365 0.6850120149149129 0.8277721017832462 0.44314946501968583
58 0.4298329644321206 0.4354503576238537 0.8596659288642412 0.8709007152477074
11 0.44527173366520634 0.6977630025742472 0.8905434673304127 0.4776720357919162
11 0.7798189334506613 0.4610801519202905 0.44036213309867744 0.5212708069756649
37 0.714610625271534 0.2789662163132537 0.5412829497112825 0.27606078328264316
84 0.38648700239276623 0.2026562989340837 0.26888358873934814 0.23132710740449114