81 0.06477799855190908 0.4565306615588898 0.12955599710381815 0.3585762125847022
86 0.4225225707533819 0.640706229600952 0.35992756698680417 0.26714315755288764
86 0.2710444997805339 0.7432861231593622 0.37600804428777246 0.28819867663473
86 0.8307301295791879 0.3122474915686734 0.2807686321194425 0.2165057420829966
80 0.6730057082807748 0.4505578256354065 0.328883411476639 0.2311805840040646
28 0.832817454797013 0.7080956682515098 0.33436509040597406 0.3718518401751556
84 0.6305479690365731 0.8701902397443424 0.5192279339981776 0.2596195205113153
32 0.45494467764796576 0.2596307254215483 0.08381284959068858 0.05995290200405384
24 0.5127013644440819 0.28619236224160205 0.09746711660529667 0.06933794099441282
39 0.4118897179842804 0.44037790788087855 0.2626277319751828 0.1874804243553424
39 0.5768388233125397 0.5794785038797293 0.28166159485267894 0.19893038998416274
86 0.6136603058369824 0.49342279927188737 0.7726793883260352 0.7586227509221912
33 0.5284732002476271 0.5240354425886282 0.3001383585463769 0.21686815901640805
37 0.9349660350323653 0.4420307178811915 0.1300679299352694 0.16278472557218726
37 0.5486622508634758 0.7366090989028193 0.23408482658239949 0.15184493866523197
12 0.21402554103726687 0.5125330965155992 0.42805108207453374 0.2953279118059848
81 0.2923877211853573 0.21150371695630693 0.5847754423707145 0.42300743391261386
81 0.6162460339029114 0.17674836482451786 0.4039207599931927 0.29685431244427535