82 0.6395313643147547 0.14409902972594138 0.4767196980430777 0.28819805945188276
11 0.23824068771954726 0.5428919259692984 0.23651221680578305 0.23428514245920862
40 0.2737611885262101 0.49784184761518135 0.14989225694816471 0.09661306009475146
37 0.4305129665443375 0.7792252457603179 0.861025933088675 0.44154950847936414
74 0.353255191325658 0.27191679713234435 0.6173457941659982 0.42545557634267805
74 0.8105301092487077 0.4338805550984267 0.37893978150258456 0.6380344693975848
22 0.5713618137909213 0.5106535573550642 0.6153610962617854 0.6001878411055599
86 0.6834625038958014 0.3291101307027311 0.4947282803322322 0.40350031751295873
74 0.3684091625984691 0.06840651787112012 0.32521057593409447 0.13681303574224024
74 0.12434948775804586 0.46683203108392757 0.2486989755160917 0.21814406964969724
44 0.7014018150486554 0.3757161725682468 0.3261443171987968 0.24865219350684453
40 0.7969022298825548 0.20992396515315095 0.15437699907685432 0.07841528669835057