51 0.3961105565514994 0.47783572359843546 0.054397205019556694 0.06127770534550192
32 0.8411785976205997 0.6245110821382007 0.19088473761408087 0.17992177314211222
32 0.7922211131029988 0.7483702737940028 0.16418065514993474 0.19817470664928283
58 0.4999597661342894 0.09973924380704041 0.9880510511734029 0.18904823989569752
67 0.4514971455619646 0.22294654498044322 0.17506001973170304 0.08344198174706657
67 0.636941818774446 0.273142112125163 0.11275057040417213 0.10039113428943935
67 0.7803526320078227 0.303129074315515 0.13253137222946554 0.15775749674054762
50 0.916840164602347 0.257496740547588 0.039561603650586696 0.1082138200782268
50 0.9529405100442223 0.23142112125162975 0.026704082464145906 0.11082138200782271
50 0.8762895208604955 0.25945241199478486 0.039561603650586696 0.1225554106910039
57 0.6216116973598436 0.4335071707953064 0.12165193122555407 0.1603650586701434
86 0.16912585560625815 0.590612777053455 0.21758882007822689 0.5241199478487615
86 0.4257817592894393 0.6003911342894394 0.21659977998696212 0.5619295958279007
86 0.7051855850717079 0.34745762711864403 0.06923280638852669 0.2907431551499349
86 0.6146884167209908 0.41655801825293354 0.11571769067796622 0.22816166883963496
67 0.536554096666796 0.2770534550195567 0.11176153031290736 0.06388526727509775
47 0.49999999999999994 0.5129469794624921 0.9999999999999999 0.8438080648530328