8 0.5672000940287255 0.22260250468787066 0.2168957120670072 0.15952593210788119
79 0.702659772315624 0.347418070633452 0.594680455368752 0.4890373630100915
39 0.5339483278071739 0.5942304274813155 0.19394339200859428 0.13904747806768103
39 0.5388703220832578 0.3899640082750041 0.14496940935314268 0.10064730883499773
69 0.21122563480635925 0.4369111862828368 0.4224512696127185 0.3654520682051067
69 0.21143661186638502 0.35577711204258244 0.31325888450168227 0.21330770876316657
28 0.7354440455840597 0.8167458874061846 0.34177666268466367 0.2344351958099855
22 0.5213060449427369 0.5144350224033265 0.9573879101145262 0.7732568371452316
14 0.16985782663807916 0.6158840608144256 0.3397156532761583 0.27320073398310785
86 0.31968898903697174 0.4290713032545867 0.6393779780739435 0.5454191904066358
2 0.658316509513712 0.8818273822532517 0.3638185941614932 0.2363452354934965
31 0.9224639195109458 0.6732481121831115 0.1550721609781085 0.3825082706395332
83 0.3332380849257569 0.15835419518562838 0.5707518013118817 0.31670839037125675
83 0.013665656977950635 0.46181004293477557 0.02733131395590127 0.26527021867508616
70 0.5896553469545947 0.5846715662841332 0.09522575985700255 0.06950265841043435