81 0.019084942950710233 0.5274869109947646 0.031795540351682236 0.13874345549738187
74 0.1776848821989529 0.20746073298429318 0.32668520942408386 0.393979057591623
74 0.8912254581151833 0.2696335078534031 0.21754908376963333 0.5
22 0.486014642998686 0.7225130890052354 0.8255361590288066 0.5471204188481673
86 0.5528703536638788 0.4299738219895288 0.6342600800984544 0.6086387434554976
46 0.9469882837758914 0.7323298429319374 0.10283372009344838 0.39397905759162277
46 0.051416860046724175 0.799083769633508 0.10283372009344835 0.39397905759162277
18 0.02541294116726809 0.886125654450262 0.04143197628334826 0.039267015706806574
18 0.04295826380342506 0.8455497382198951 0.035071598423061665 0.03403141361256534
81 0.04700064010971821 0.5111256544502617 0.03346531413612565 0.10602094240837695
81 0.1267244021297011 0.5366492146596858 0.09720876963350789 0.0732984293193717
29 0.6988181058488552 0.3560209424083768 0.13861915948770331 0.17539267015706822