20 0.8414518560532581 0.4439538669991739 0.24237023467601726 0.15929154203767226
39 0.4398027976830034 0.4995814102162281 0.15509973021619816 0.10954444022026932
32 0.28410867924296024 0.5887975298438499 0.08858068888103804 0.06050704686239383
32 0.4561853736749202 0.3343461054575625 0.09689187858937265 0.06585371955258795
81 0.4224539278522448 0.21477167566280886 0.49658906628953187 0.3290531353835445
81 0.44395041006547276 0.09555577507909532 0.40685786141891733 0.19111155015819065
81 0.0893558748365117 0.4226053935855907 0.1787117496730234 0.13728262699608695
81 0.10196731103735043 0.40680900644717655 0.20393462207470087 0.12957503538333276
34 0.45190808004507677 0.6782957852788453 0.9029471355346677 0.5849967688746522
34 0.5448887324290742 0.4413750727559043 0.8659854400250035 0.5496022427296453
34 0.2509790025612506 0.37433614276955396 0.31632500109049555 0.2107642856755041
54 0.03965141754045293 0.47704289446358444 0.07930283508090585 0.24037720101325644
37 0.7706123520227113 0.37860742836702843 0.45877529595457756 0.4937036991917109
74 0.14682665080640472 0.19306782397644062 0.29365330161280945 0.3708295574442916
73 0.8134293062303156 0.7011994117415778 0.17008656330375116 0.11076733648877635
73 0.8800498146145317 0.6378052951753223 0.13688685485033092 0.09877729909023336
73 0.7614417471172042 0.8970263313344805 0.14938541072643008 0.10666772292446525
73 0.7645377006569833 0.7840008699486574 0.18591318482769248 0.12142336025584133
37 0.4398281701196553 0.800123793896635 0.7698107264012469 0.3997524122067301
12 0.07605701924517436 0.6010235756960423 0.1521140384903487 0.17427886872258724