52 0.44392867060970354 0.2008104261520713 0.19720580311024166 0.22680157272845167
32 0.3925521637135947 0.36440677966101703 0.0690651538109166 0.05606258148631027
76 0.8189153951865817 0.5384615384615383 0.05356073152683327 0.32594524119947843
8 0.20581494475484205 0.5573510037748208 0.22267101465923061 0.17079530638852686
22 0.3841175563422381 0.6258148631029986 0.3876105571020825 0.3337679269882659
22 0.6348415344911734 0.4465449804432856 0.2044975393528603 0.1473272490221646
44 0.8788188449205399 0.45958279009126474 0.14235878642658306 0.20730117340286836
50 0.871045214800277 0.5123859191655804 0.15501256000346308 0.43546284224250353
43 0.15363472990591634 0.7927372232878491 0.28471757285316607 0.3649818767619818
34 0.07893579502498507 0.4022164276401564 0.13250071722147022 0.22294654498044336
34 0.4036092611111073 0.6434159061277704 0.3564620235455196 0.6297262059973927
34 0.6427101531235456 0.4204693611473271 0.21418891303181997 0.3142112125162978
86 0.3530779801966243 0.26140808344198174 0.13672081468691638 0.17079530638852664
83 0.4975510060255818 0.0710023072144822 0.9781880968321637 0.12635924285138944
63 0.28823514480155316 0.26467265541273866 0.08862556401042229 0.08587547867874437
39 0.8525625611995887 0.40221642764015636 0.13244204784634417 0.04302477183833131
34 0.5499848604132551 0.3648410888960181 0.07403923397351908 0.14798084602415135
34 0.6950893261049308 0.29350601036198676 0.07545488729733996 0.1283473381707481
34 0.7687032989436346 0.25423899465518046 0.07262358064969787 0.1204939350293871
34 0.784983312167578 0.4283227642886881 0.05705139408766491 0.12572953712362817
34 0.251282009086977 0.3798934449169604 0.1165088336881552 0.14667194550059115
19 0.8249804843954693 0.24476439790575924 0.3198062477191336 0.20418848167539266
31 0.7619726483313267 0.8638743455497377 0.4485919048783068 0.26178010471204116
68 0.5028172277050212 0.4908376963350784 0.9943655445899571 0.9685863874345547
83 0.13221278465854217 0.2185863874345545 0.24205168914210257 0.17539267015706717
83 0.6404323279103624 0.18193717277486848 0.19108816948453922 0.08638743455497286
83 0.7982776735164288 0.1681937172774863 0.11039593002672954 0.06151832460732887
34 0.46150652767442885 0.3491342826132956 0.07828619394498293 0.09824262612886353