32 0.22328842771836338 0.654889883538122 0.25471172036516887 0.12991510363833558
32 0.5416530556171987 0.48643537401724074 0.2547117203651689 0.12991510363833558
59 0.7313835462081071 0.416156097192496 0.191623022128396 0.11594351342097103
50 0.9135681113793093 0.6457687693621281 0.17286377724138147 0.2339999575634666
9 0.0674875165539639 0.33341392663347297 0.1349750331079278 0.16241737767576292
9 0.09153647746647345 0.4007199983960185 0.1830729549329469 0.1624173776757628
9 0.08086421460587903 0.3680820051345174 0.16172842921175806 0.16241737767576292
9 0.09924451509724683 0.4398943723151567 0.19848903019449365 0.16241737767576286
9 0.28284176014964346 0.9128901837844416 0.40097726405488715 0.1624173776757628
9 0.27910073842652044 0.8759665812396089 0.4009772640548872 0.1624173776757628
9 0.23675982709087415 0.8517870871426486 0.40097726405488704 0.16241737767576292
9 0.32603655940801557 0.922342697635885 0.4009772640548872 0.1553146047282301
33 0.3370789472701744 0.718116055077233 0.0730033992347337 0.04724141925769376
33 0.28620127767929116 0.7089658454901696 0.07300339923473365 0.04724141925769376
33 0.3501049315931591 0.7473950936211352 0.07300339923473353 0.04724141925769376
33 0.30218370990460164 0.7708484726078544 0.07300339923473392 0.04724141925769387
33 0.2908723511278991 0.7379506358543892 0.07300339923473359 0.04724141925769387
33 0.34127721752854484 0.7869420304343598 0.07300339923473353 0.04724141925769376
9 0.3827107515103745 0.36820887821302506 0.3344393402798438 0.13109874855335146
9 0.3568354830008673 0.4004102518744848 0.33443934027984373 0.13109874855335157
1 0.4394193732257323 0.5636388445891739 0.8788387464514646 0.8727223108216522
86 0.5 0.49005886589212005 1.0 0.6638132802526578
86 0.733131580683632 0.641390808493423 0.5337368386327358 0.3526873332819816
79 0.1369547427543386 0.3944154800465181 0.2739094855086772 0.19763354151291468
45 0.7926731165953387 0.07426495614126566 0.1379838785872679 0.08301000109731149
45 0.9897460971008657 0.43848499746443403 0.020507805798268608 0.06200442167563691
45 0.8759686964919553 0.21977627356948298 0.2480626070160893 0.22506695848842473
19 0.6602062987256779 0.21416322277317887 0.39141518018618826 0.330003862516919
19 0.8509111091532966 0.5193909743821359 0.281263617555943 0.16408014478383015
45 0.9200657225725016 0.11477003336822578 0.15986855485499674 0.1266324856551344