38 0.5532173561938848 0.16713528879895923 0.18961429904702848 0.23551107562699813
57 0.5279805686872858 0.5809163826559005 0.24178094360021019 0.8381672346881973
86 0.5298325708461006 0.5148829265689213 0.23247279319943437 0.9676189604824753
12 0.9018824025327457 0.273631983043223 0.19419414050394523 0.5321904282653613
12 0.04854853512598632 0.42139001349527655 0.09336256754997371 0.8407824210678804
12 0.7263607755387951 0.25271049200576406 0.1363093486229615 0.500808191709173
28 0.7968528030804769 0.7561338700946193 0.28662308237841927 0.4432740913561608
28 0.29082439791816805 0.7528648871200165 0.21380027968943977 0.40012351609140195
49 0.7280061739789051 0.7580952598793811 0.115143485641513 0.21444528313395372
49 0.3757209455897602 0.8025534283339812 0.09242894187447387 0.1909086057168129
49 0.2333886281507192 0.671794109349863 0.10269553526351949 0.16737192829967174
41 0.5265228851270095 0.5429906300945226 0.8981315834139728 0.8983054213089244
77 0.04075516389500326 0.9080511125011176 0.0815103277900065 0.17368123194233331
77 0.9782511302040745 0.751397452317834 0.03556309626982568 0.0715158013880206
75 0.9780936958492046 0.6756247579900514 0.04254434663887896 0.0698130442121142