20 0.1737091480569647 0.5769230769230769 0.20773465128461754 0.06910039113428945
84 0.27578565773992325 0.7809647979139505 0.5479896835611464 0.32594524119947854
37 0.9392829706791542 0.34810951760104303 0.10565814160165887 0.1694915254237288
76 0.4691937813497396 0.5358539765319427 0.4584488855936387 0.11212516297262054
52 0.7834819822156911 0.7992177314211213 0.42084175044728556 0.31551499348109513
74 0.3259285046017275 0.10495436766623208 0.626785585772553 0.19687092568448503
81 0.45039021377656296 0.3102998696219035 0.4494948057968879 0.18252933507170793
80 0.7807957582766659 0.18970013037809647 0.18266322785371547 0.06388526727509777
28 0.7861682061547164 0.35462842242503256 0.17908159593501527 0.19035202086049546
86 0.7799316696571665 0.32398956975228166 0.25250505026837133 0.5619295958279009
71 0.12177548523581029 0.3683181225554107 0.22206117895941876 0.17340286831812257
3 0.4979932788170361 0.6053664921465968 0.9959865576340722 0.705497382198953