32 0.40672584312534155 0.3267061916299233 0.07676001524319137 0.12390760003598983
32 0.46502176345611 0.3509430936831953 0.044109956481715284 0.07932350363625629
32 0.4507622305142287 0.2575701485755481 0.03219420463774031 0.05359977971748042
32 0.3684431748346949 0.7653165494697841 0.06289467833283002 0.11606371341798494
32 0.29131031972838267 0.7560420065254285 0.10266850089361046 0.14328612546487163
59 0.4714358341695054 0.6117594251298708 0.12975364890874963 0.2066614219602586
39 0.2497012474711021 0.3385161394849978 0.10360795595682443 0.20667010796309065
58 0.8136613922092198 0.7059853106659792 0.22259296825584163 0.5880293786680416
62 0.3752606638211648 0.12696118757649424 0.4574114370104406 0.2539223751529885
86 0.42250232107797214 0.7219821495146115 0.6432401399562249 0.556035700970777
50 0.4220213818289804 0.23871041767060147 0.6934547764186871 0.47742083534120294
22 0.3223673518970494 0.76700309874092 0.43410274411917726 0.46599380251816014
58 0.638741666982673 0.8639573553021727 0.20476913491142024 0.2720852893956548
40 0.7826019426485397 0.24668500670405138 0.19817032111110833 0.46923286459797603