65 0.23032799346044092 0.4011144963552425 0.103895359443119 0.08019440501922404
40 0.5631190243235711 0.09332495359225557 0.2567315811486392 0.18664990718451113
40 0.09065778317175205 0.22062212128051595 0.1813155663435041 0.19464680284889546
9 0.49416640259673716 0.41634692408815144 0.22787153260843152 0.325968820753984
79 0.7180082638592207 0.7930934967371279 0.5639834722815588 0.41381300652574404
44 0.8120000334367095 0.5148116642335772 0.3759999331265812 0.727473757656607
44 0.3331940025965342 0.6704277743605218 0.6663880051930684 0.6591444512789563
39 0.5200263825124259 0.5948402808574969 0.16594700674728458 0.15775892504062827
39 0.6445915144058916 0.5953436363716704 0.15404633107791532 0.1335237759592175
55 0.18268301263144715 0.37121282932587146 0.06612429797121866 0.045954877403414085
55 0.638014789151129 0.26055931956094813 0.06319872323080544 0.03885479792425278
50 0.32900855346135166 0.47393889010318 0.6580171069227033 0.7996526937627759
50 0.7115119422579954 0.41019112629289034 0.5769761154840091 0.8203822525857807
68 0.4898996891010319 0.3223480758920889 0.9797993782020638 0.6446961517841778
85 0.26752921086163245 0.22150902045218634 0.5350584217232649 0.4430180409043727