39 0.37414928796051955 0.6858880747711951 0.19022945221311627 0.1265382400116205
55 0.5902364530104932 0.3370473332559325 0.07811919822814128 0.05398425023443837
79 0.23287811453661023 0.639527551165366 0.46575622907322045 0.5472387569074331
50 0.4115747212592096 0.3112805375082708 0.8231494425184191 0.5656168396406356
86 0.7044749751903431 0.5369477316744882 0.5910500496193138 0.5052553953356705
22 0.4734962987368713 0.7405346289045668 0.8657266373897173 0.5189307421908664
66 0.3577757237460984 0.7035977589326007 0.04607401056894178 0.03266687724015371
58 0.7706956362159502 0.16572545373068984 0.45860872756809967 0.3314509074613797
40 0.8972582647591044 0.38449651434103105 0.20548347048179116 0.3475315474586229
37 0.4914886689305591 0.13386275613944737 0.3386695370121226 0.2313184593215304
37 0.867888253402992 0.6379533725997969 0.26422349319401595 0.21974121066771968
37 0.7117592490903863 0.37460591271000854 0.3392231333098089 0.23229918772919977