62 0.3132313913696924 0.478654097699448 0.6264627827393848 0.7458631473834987
38 0.861747849248218 0.5937906664416865 0.276504301503564 0.38199953404722276
12 0.8873327934987111 0.2723459198280245 0.07306178929300788 0.0678132966147062
12 0.7803795549160141 0.29724010448648963 0.0830908324501578 0.07673120133610684
39 0.08387499772954421 0.596270518838656 0.16774999545908842 0.2430054161510402
50 0.6366502451368952 0.6299393323888305 0.7266995097262097 0.45904115824480557
85 0.7547164671354157 0.261064423592435 0.4905670657291685 0.4703381005951796
48 0.29915055885087716 0.6787908308048658 0.5983011177017543 0.5367869095120589
47 0.7465107304842276 0.2509066582566366 0.2865602309563303 0.20704242321019906
74 0.9443503822925849 0.2144412994107111 0.11129923541483 0.19201036790350945
83 0.983750320925741 0.6578085265684368 0.0324993581485179 0.3025604119112143
83 0.716599364745162 0.8099727710803368 0.5668012705096761 0.17457792968996233