82 0.47536512844332335 0.25519482050081993 0.37354917863590176 0.5103896410016399
82 0.20683419266478262 0.9003891818552153 0.1279655643991227 0.17774782593212568
82 0.5738587599234081 0.08152527900652137 0.2707686209878564 0.16305055801304275
82 0.40227307629606224 0.5384943899052593 0.1485768859312595 0.21115664935710532
82 0.3028394816513218 0.7065469780124498 0.08912114135233984 0.11688075899893813
12 0.21407074824362995 0.5611677191419251 0.4281414964872599 0.5908415461589461
12 0.0939423686176023 0.7757755214162083 0.1878847372352046 0.32520994063564534
22 0.7984737120550165 0.3632112817361858 0.4030525758899669 0.49368358250066247
44 0.6867500494954892 0.5154227546630977 0.4139931932337455 0.5008447729326315
44 0.46207329070896097 0.658818202760168 0.1699741956331689 0.2014430739247659
44 0.2610017228974445 0.9600617445529046 0.13567755399849246 0.07987651089419079
12 0.4377650101117028 0.08777401665161622 0.32912775439858966 0.17554803330323243
50 0.47153060986003986 0.6710107280997071 0.25514562891176384 0.28964083559932086
50 0.6720670274686816 0.4990766251404296 0.5022592866403883 0.5730462071391058
50 0.2814327097378032 0.9345222122011712 0.24538228187601624 0.13095557559765758
50 0.798508261097562 0.20039977510321344 0.402983477804876 0.4007995502064269
10 0.5676425279501582 0.40509268138675636 0.07046058515167175 0.09889925902585678
82 0.4705329716396678 0.41699029924847647 0.03742947215258263 0.054819610034882005
45 0.24256456334533802 0.25755776774756106 0.178839232282411 0.21775100694590033
77 0.4908108293173973 0.8496942998099388 0.42662940275523 0.30061140038012224
16 0.3945544295088662 0.5 0.7891088590177324 1.0