14 0.586871816656433 0.7623284122618839 0.553045913599725 0.4753431754762324
39 0.4852606763338146 0.7668804002557681 0.3438799663677573 0.2684785111210095
80 0.5722961803667577 0.446587101092024 0.5815376887072999 0.35328224331257807
28 0.2378886342257545 0.7640375334216013 0.475777268451509 0.42434610436535625
86 0.5094749790922062 0.5005070304624981 0.9810500418155876 0.9458700651562025
28 0.4458061369131382 0.6004526101855014 0.20837504828297027 0.17600577448784482
14 0.130030003002098 0.46577821234462125 0.260060006004196 0.2552798814356749
32 0.37355472675699164 0.0721475513892304 0.23617903085271091 0.1442951027784608
83 0.454762410219321 0.15323986268862277 0.576248672158883 0.30647972537724555
83 0.871407585399468 0.3801884937643105 0.257184829201064 0.5108088384727569
83 0.7493797385956098 0.8023449734685617 0.4077880125593102 0.3953100530628766