70 0.5235719158423898 0.5912788093659682 0.07965804534515458 0.09952442736437228
8 0.9251079484469353 0.8044314766337017 0.14414702291702508 0.37824195268566985
8 0.8569715351950482 0.9088496218731801 0.2310476178147497 0.16356408764785724
50 0.054795614875992424 0.4765731045181307 0.09576891248596875 0.34173211169284456
50 0.17771550770592137 0.4765731045181307 0.13822317266016113 0.34173211169284456
50 0.35444370703569883 0.44371424762458794 0.10268007111897687 0.2117570777583867
50 0.27101614925153017 0.07569505041690905 0.11946431351342496 0.14457897033158812
50 0.49167957131971574 0.20640028117122355 0.136248555907873 0.2365837696335079
50 0.6960524051815254 0.39552125751405853 0.2586747945497301 0.492152656583285
50 0.4339505599104742 0.3896796829552065 0.08984506222910471 0.18254920496412647
50 0.33371023113667464 0.27138779813845265 0.12835008889872107 0.21175707775838667
69 0.1555174625399131 0.5145433391506685 0.14119233638737086 0.1080691293387635
69 0.2858854906332858 0.17344307786809415 0.12952288542393584 0.09364679210219767
69 0.298731488983994 0.4570373867130213 0.16093470235189655 0.19080847206263923
69 0.45768084078082094 0.20798241372341345 0.13003098635771654 0.16613560977829628
69 0.04498661400373153 0.4977488122939689 0.08000561666198462 0.09784637386077255
39 0.6334758440765369 0.518924520069808 0.07997197846766468 0.13143542757417098
39 0.4433014608886595 0.7971295084351366 0.11057853812812884 0.09200479930191963
79 0.6131185015854288 0.8935154886561953 0.5548673073929322 0.20007392864068263
28 0.546486256993839 0.7591592738025983 0.12341354701800089 0.1971531413612565
57 0.6288856296087658 0.7226494328097732 0.5489434571360683 0.21759865231723874
4 0.6259224270805495 0.3268827564475473 0.03948978024619165 0.06279692650765917
4 0.33121935155977034 0.32699798879593034 0.05650403708252433 0.0771703982080229
4 0.5005883399011293 0.25386307446189665 0.03948978024619171 0.06279692650765903
4 0.4515344534738377 0.4527658661741137 0.05650403708252438 0.07717039820802296
14 0.28078423308064115 0.125769384990837 0.052858124903310155 0.052016822732386406
14 0.150014969524565 0.847799994035904 0.19313087326967712 0.2910628019323671