33 0.9419464603737597 0.6389177919284601 0.11610707925248054 0.12367681701734468
33 0.9419464603737597 0.6389177919284601 0.11610707925248054 0.12367681701734468
33 0.9723165514222478 0.6249984295754141 0.05536689715550447 0.12367681701734456
33 0.9860576705643224 0.5559825550660384 0.027884658871355272 0.12367681701734462
51 0.9982483853474783 0.43831833998464786 0.0035032293050434316 0.15624938535581867
81 0.03523752970832014 0.5714015980362701 0.07047505941664028 0.21796086527704334
81 0.13601300038427644 0.31212292410860176 0.20650054315101618 0.1385039360088683
81 0.11153438116292969 0.22706600198034443 0.18922090624039434 0.12475519643271493
81 0.4351994809348554 0.09711272024893533 0.2303408650548034 0.15805102720140302
81 0.32842711824440207 0.1231886150582249 0.2577053728102839 0.16759055923741745
58 0.25552735768256224 0.5839455853834823 0.5110547153651245 0.4797293571830189
74 0.05064604254868152 0.33128468739555356 0.10129208509736304 0.19936703038222958
28 0.8054104620448247 0.4852298144731136 0.3891790759103506 0.43930004864452743
28 0.4171028695105132 0.7927971345712679 0.2598359027500424 0.21664071422479803
79 0.8901894185807981 0.5951432961094445 0.21962116283840383 0.4847034591400826
80 0.47059376289256627 0.2910213948529105 0.3557587167369895 0.30690510487379663
57 0.5452158435008386 0.3346679230590006 0.63186482833964 0.47107306959766815
86 0.48148159919773487 0.2983288662119269 0.7475071265802514 0.48997913691654404
54 0.0811149739014724 0.4384499683169315 0.1622299478029448 0.2972830727525315