32 0.2657073914154502 0.7297129986544232 0.2902482094060994 0.18829766031349626
32 0.7852944017443164 0.40576944882653904 0.17777467221279908 0.1163150317424102
32 0.5114931915085172 0.6305780676695611 0.2389285828035954 0.15986154081807447
32 0.5210865983131289 0.3959034688945203 0.1959252356038061 0.14210852444494199
32 0.30792080296637836 0.5388557522155336 0.2106155360593786 0.1392624270085907
32 0.6783503735917397 0.31199319725200825 0.21891435102584533 0.142656478186104
32 0.9002374699352835 0.38794800093464343 0.12531326758931527 0.08319175016387786
32 0.8380840057327179 0.48531667301802917 0.15816722976308062 0.11160593438864036
24 0.1823118145392852 0.4166514611335699 0.08908199855229149 0.06076097253791751
24 0.3458490870605161 0.2650775988732529 0.07548981502708002 0.050071602195439824
86 0.5 0.5 1.0 1.0
62 0.5 0.561914483230685 1.0 0.8761710335386299
14 0.15189360572325428 0.5254793926133404 0.30378721144650855 0.31136945830999085
14 0.41792423881241014 0.14663511043995295 0.3619963423342658 0.2518964314598538
83 0.22042900483303407 0.08822598007995797 0.3387784721213758 0.17645196015991593
83 0.009614722491288974 0.37751688559922614 0.019229444982577948 0.20049619984227585