58 0.1275738213958406 0.4157273085443356 0.2551476427916812 0.3392083880969839
7 0.5329160437361228 0.706452060371633 0.807424380280515 0.44826563651535006
47 0.8024670513488563 0.3660844025129707 0.39506589730228736 0.706857367829486
85 0.8902314879102496 0.0028593965863945026 0.06970128816437127 0.005718793172789005
22 0.4717064296578006 0.47084851595347893 0.42351855214205003 0.2605788754367181
6 0.39192949928117304 0.45640151829399933 0.10022998956566415 0.08155085634738651
39 0.2660297112143055 0.3970073195823138 0.09735028308860755 0.07174770598408808
28 0.247168635120936 0.5605405944126838 0.37243002415271587 0.2640076952970359
86 0.5110908654143265 0.4442222615336242 0.6250396661719765 0.3432872372083464
75 0.35089257616153235 0.1978122218067644 0.18904399761562535 0.11628053910552372
7 0.305342681797823 0.29369336070603663 0.1918032177900908 0.12258027086125722
84 0.3587669878235771 0.8945314652887852 0.5969853189899823 0.2109370694224295
84 0.6700676988673961 0.6815211023962193 0.12237395652952576 0.07970311169120492
84 0.7381818798597308 0.7885460071627397 0.09560617594381327 0.05859736704512297
84 0.12627525057277889 0.7991413634434955 0.25255050114555777 0.3647113412542262