86 0.45737652330396006 0.39421334069462005 0.5869698725164894 0.3613719242781944
86 0.542855202403183 0.4918276650987281 0.6327698678810622 0.39127054270287137
86 0.6027818118610917 0.7013383974816889 0.7944363762778165 0.5973232050366223
0 0.9424406346995421 0.4816973453193415 0.11511873060091582 0.2692760860968863
81 0.30242675370548694 0.3083494052188458 0.6048535074109739 0.4441674025523923
33 0.04113157403016235 0.5358601725962926 0.0822631480603247 0.2817375189786735
33 0.1141731066036524 0.7654256615922357 0.2283462132073048 0.2740341245063883
33 0.16894104694350126 0.6931093799411328 0.28073281814962747 0.21399898573655918
81 0.7402357116185515 0.10285251656149991 0.3518758772176638 0.20570503312299981
81 0.8713370297225422 0.2211619613523531 0.25732594055491553 0.2543697918161061
58 0.5 0.5 1.0 1.0