32 0.06258738911670486 0.4799124574303291 0.12517477823340972 0.10064189278083358
32 0.5023154056477661 0.38493711593528174 0.13121881178101497 0.09128843288176092
32 0.4504673589289041 0.41910531642293736 0.07711574549175398 0.05371956037690445
32 0.6119407920337415 0.41738445672167024 0.08320704362512643 0.05777631022872898
32 0.5793977457388928 0.44055334903003585 0.08320704362512654 0.05777631022872903
32 0.561021125654928 0.370840051318984 0.08320704362512643 0.05777631022872898
32 0.487270506146656 0.42191487233104175 0.08320704362512643 0.05777631022872892
32 0.5057087833713579 0.3393930873390162 0.08320704362512638 0.05777631022872892
32 0.42511660053952166 0.38599331046056207 0.08320704362512632 0.05777631022872892
64 0.3864411507454234 0.7896068732110229 0.3820848022942483 0.2694193629373314
64 0.5317485781963144 0.8688281255482357 0.4067603738288447 0.2623437489035284
64 0.10937426492488342 0.6281341101409031 0.21874852984976684 0.2065947596385027
13 0.833269625397296 0.3156216079608174 0.333460749205408 0.28283165922859416
57 0.48988467241157996 0.5686107449288346 0.9099917612494481 0.652507459944125
28 0.6386148236484692 0.7062957680923188 0.6085600212236798 0.43818252421792775
28 0.9104466234469164 0.5393173516885102 0.1791067531061672 0.337902320021545
5 0.6189611677066789 0.6449470559989284 0.7620776645866424 0.7101058880021431
86 0.46585300225942483 0.30691995262115085 0.8939041381923569 0.6138399052423017
86 0.5 0.5334444242409803 1.0 0.9331111515180395
68 0.5 0.5 1.0 1.0
29 0.07595712130096927 0.5385715045170709 0.15191424260193853 0.1179307160226779