63 0.8708649072556879 0.46259706103836773 0.25827018548862424 0.15056419154038986
63 0.9214335332406994 0.5674379536215481 0.15713293351860114 0.20932060199957903
63 0.9396565213315422 0.68399487168384 0.12068695733691548 0.1052472834700694
85 0.674642728966119 0.1633060860977841 0.6507145420677621 0.18042562521366873
86 0.4101382105903535 0.36883822458911586 0.820276421180707 0.2734463268234404
79 0.2811892065246495 0.814962775213235 0.562378413049299 0.22446005309053896
64 0.7302053915991809 0.6999416885710296 0.22806048844816418 0.16827887912571882
5 0.5616207174749321 0.589672630929613 0.6086868685292731 0.4480186681819509
32 0.6549814763693133 0.7828535332190969 0.2795807455811581 0.13872116941100554
57 0.39376812712846804 0.40174752617020243 0.7875362542569361 0.20841751291229837
68 0.5 0.49787964854738953 1.0 0.8623370668014723