14 0.18297712830521523 0.37624906234955957 0.36595425661043046 0.31568198822306454
14 0.43223667249621045 0.7833171130990825 0.44924033253346024 0.16105906894547206
79 0.3183219541947404 0.6811347379528798 0.3928626687306565 0.1852608070424332
37 0.7402047724163276 0.32358652779401414 0.19102150766370674 0.24273601937261513
20 0.7768720768270183 0.7804301553066377 0.1078702506036825 0.12566544059212026
81 0.8659398007778731 0.410505171489552 0.2681203984442537 0.592449977954431
40 0.5176889370716881 0.4084140903781539 0.1995307134050679 0.12408706339031489
40 0.7464357822349392 0.5656268737737864 0.05218910635166385 0.08238664855792655
73 0.01186076762158858 0.5636727978772785 0.02372153524317716 0.09806740195721408
37 0.9098844362746308 0.7671024140816718 0.18023112745073855 0.13765660294169058
86 0.6606043381217559 0.5884925989818222 0.2749475358819474 0.12538334254464256
50 0.3917899700383731 0.4010412012507234 0.4629970352717816 0.2820431223096141
60 0.3094593353275884 0.4782588608686939 0.1264898308013181 0.09099270283384653
77 0.6993614503771282 0.7371785481590587 0.24792974765600573 0.18664440796708215
77 0.775374802353089 0.5762495002382375 0.19434686441655424 0.18688530836774575
77 0.07376825065383796 0.7365746982455748 0.14753650130767593 0.29324600234867093