36 0.059912241188484705 0.8331591301731835 0.11982448237696941 0.10527858603592233
36 0.27001231698364414 0.6688859365743078 0.19894953885403738 0.12872725325274725
51 0.16580897381321297 0.6802547403226546 0.10990260339190927 0.0811273601468302
33 0.09300631640452306 0.659901325590482 0.13806793852785226 0.08536565335146917
33 0.06230262349386123 0.7306628010862135 0.12460524698772246 0.09079158863188752
33 0.1241512358991047 0.7753976103174907 0.10235816199997982 0.07087865594743437
36 0.2486093845559079 0.799795628432271 0.19933349309349685 0.12182568856331177
28 0.21900601978120232 0.2909152803525523 0.43801203956240464 0.25993937256711924
28 0.5814702805507467 0.542321587003985 0.39131452191479427 0.2299518905825102
39 0.39639044006355817 0.7558724939876902 0.19374455486250092 0.13477079501777922
36 0.8783989471742729 0.28353504364893023 0.24320210565145417 0.3662580034570082
57 0.44181999222200485 0.39199933026394057 0.508306554983528 0.3440927541203972
50 0.5390349714998722 0.41569691496841965 0.9219300570002555 0.750065113081231
35 0.4696484179620063 0.6959527059169863 0.3957353892635438 0.2524135183096424
83 0.7960870843059884 0.599325200856079 0.4078258313880231 0.4296270632110205
83 0.699069037695558 0.1347473468984076 0.5520802309573265 0.2694946937968152