22 0.43480189957559434 0.6462725579579399 0.8696037991511887 0.39897066166862394
20 0.04024806906920042 0.55786935580519 0.08049613813840084 0.1903043113729342
85 0.7037269258863315 0.1487519889256405 0.592546148227337 0.21821450122271513
6 0.7463562378462847 0.5735754610697785 0.07871845443181946 0.07187390912157865
64 0.7335072015652132 0.6931742233805337 0.16246345012916152 0.09563547121851657
5 0.6360173470557816 0.7097282876334556 0.5311463270320382 0.17108673764350402
73 0.019217139781753767 0.4278238598310151 0.038434279563507534 0.09813202877933574
52 0.7776152450721606 0.4104176284200046 0.21403008937350654 0.14553997959380094
62 0.4144613935164091 0.34069554120014 0.8289227870328182 0.4157358159050961
40 0.8747282478755667 0.24193304477263686 0.2505435042488666 0.19409144576432075
28 0.963925294549951 0.5267608674976373 0.07214941090009797 0.09228752134544954
28 0.8956749354027944 0.5959429677197541 0.14520703402563928 0.08154621314574506
68 0.5 0.46048761774394187 1.0 0.851780854540348