67 0.3187902095815785 0.5540013316275866 0.2502726575461143 0.5950474502583181
67 0.43652921575149223 0.31122173823713284 0.09336627793858365 0.2643998167305594
67 0.48898777201560484 0.6908946637316984 0.0895525485608511 0.23176760751987857
67 0.5957423213052729 0.6789438884415276 0.07867641065272646 0.08525688037632562
44 0.5003365185507498 0.4981920086388819 0.15043070719595603 0.14637075503940494
76 0.41858679465715165 0.5830649557622087 0.12361587485293257 0.08746004494604187
50 0.49131690520526433 0.5081512740684813 0.26073698918470545 0.17501734689128617
74 0.7252249562351011 0.4573816041761345 0.24587473681417138 0.6879238712239819
54 0.6097799294133673 0.3463896135901016 0.07643105707181319 0.18118166260987334
54 0.5389470263555127 0.2907124734668268 0.08299116979894272 0.28347819149886105
54 0.5690975782783284 0.6917147033619222 0.08229033331875524 0.2754570618608073
71 0.3273536631565766 0.2658128709767014 0.12855718172389785 0.16553019923299284
71 0.3955715427305148 0.7600941973853291 0.13697332639337823 0.1937379233516483