80 0.38520681655546174 0.44542917940972737 0.5389615999717148 0.2549026160653077
80 0.7394670069366691 0.43049349726921193 0.21188787384189078 0.20339599014748844
39 0.498482008369805 0.6298531498159732 0.19112460252888053 0.13863942831739007
86 0.335157832351147 0.20086483605472344 0.3690882214709531 0.3121111146687269
86 0.6918202749343467 0.15675434087331871 0.3564827766508156 0.31350868174663743
24 0.766215076587581 0.17992392507965313 0.05190608309305378 0.052041304571816605
28 0.4457465869594306 0.8393070318253504 0.537224089426239 0.32138593634929924
28 0.8182436333577626 0.5981513860363326 0.36351273328447475 0.7575896777797085
39 0.924559708155642 0.4434062392746289 0.13273942381199177 0.168262769198957
32 0.928271350947918 0.3746017975494056 0.12272165669387536 0.16739352325407436
33 0.2844871288214975 0.5858655561938115 0.0785999532682709 0.04279439383920558
33 0.5695516019906819 0.558496451996469 0.07859995326827096 0.04279439383920558
33 0.5103875770618822 0.5583622643348916 0.07859995326827096 0.04279439383920558
33 0.43879685580581684 0.5658911907541011 0.07859995326827085 0.04279439383920558
33 0.3618270869942953 0.583105641477186 0.07859995326827096 0.04279439383920547
33 0.6574642551392421 0.5350646070579854 0.07859995326827085 0.04279439383920558
58 0.11803839403920283 0.19128520342798044 0.23607678807840565 0.3197615715685974
58 0.861999540349345 0.08694173829242219 0.18533201085059214 0.17388347658484438