81 0.5194922937443338 0.23346934099211 0.3445149592021765 0.46693868198422
40 0.5149592021758839 0.524917826322141 0.1686310063463281 0.09689377548113853
81 0.07434270172257479 0.5050837893860503 0.14868540344514958 0.9211771479243736
81 0.8594741613780603 0.16915522370266822 0.05802357207615627 0.303356002055989
81 0.9265639165911157 0.4202498272779054 0.13236627379872956 0.8404996545558108
81 0.9256572982774238 0.24868765439274598 0.11967361740707372 0.4910185791701094
50 0.7348141432456928 0.5812127210945586 0.4941069809610148 0.3017885763160057
28 0.8427017225747966 0.5851232449383069 0.13145965548504124 0.10640995106606943
28 0.7316409791477787 0.46037242623642494 0.10154125113327261 0.06032366135454609
86 0.19038984587488678 0.5010701578744328 0.22302810516772442 0.802041440382746
52 0.6568449682683593 0.9251652390045007 0.31640979147778786 0.13814913987335142
32 0.21622846781504979 0.19534315242842074 0.028105167724387953 0.03490241854445958
84 0.756572982774252 0.389918200028316 0.12239347234814113 0.09051718108570733
84 0.3213961922030827 0.5154130020400934 0.12783318223028045 0.07461116791864547
84 0.6459655485040797 0.8801303637226647 0.5738893925657291 0.22240513147628838
57 0.24342701722574794 0.40672427691993673 0.12058023572076138 0.2382099288592962
57 0.7103354487760654 0.5402155988429693 0.13327289211242088 0.12378879578241125
28 0.14823209428830503 0.5056641247460252 0.09700815956482373 0.45285171510441635
47 0.6389205752991107 0.22095465688876587 0.7107638495677477 0.4110159224037254
37 0.8902968573045098 0.6646292215882593 0.21857508756620714 0.12711884477591928
37 0.4145852993474034 0.5240820749077125 0.18958352196930967 0.07858411641097868
74 0.29057116953762424 0.11197634621811176 0.11151405258386193 0.15087111258127983
74 0.8164097914777878 0.17792741597770526 0.11151405258386204 0.09842809325437418
37 0.015412511332728872 0.35354058507981057 0.030825022665457745 0.09690512678402213
84 0.3118766999093382 0.6519767432772274 0.08159564823209431 0.05241180324397299
67 0.42520398912058055 0.6737622583675646 0.15593834995466876 0.23833384724911955
67 0.4746146872166824 0.41631470894457323 0.1314596554850408 0.09848579571070454
67 0.8164097914777878 0.7873888002425273 0.23300090661831363 0.17317736869144917
67 0.35358114233907545 0.597481502982975 0.18676337262012677 0.12391271417223482
39 0.0942883046237533 0.2962472486245006 0.0380779691749773 0.12230272104643428
67 0.5971621033729582 0.7498105121423184 0.23300090661831363 0.17317736869144917
58 0.499341463700109 0.5 0.9891056823314579 0.9791231732776617