22 0.35638485806145015 0.6126120456228916 0.589272435015993 0.7747759087542168
22 0.7603552414758885 0.5749679193228633 0.47928951704822287 0.7589516306168387
39 0.535825134471602 0.5209133896886071 0.14261791335149082 0.11855588404825956
39 0.31583811984364274 0.5544734935877433 0.15123161508788846 0.09923319705354683
86 0.21973529586164073 0.23256511044946038 0.3325870230953783 0.3747779820766869
86 0.6806731343019593 0.16017013221659082 0.2638996869752801 0.32034026443318164
14 0.13913852591431172 0.6983395171710898 0.211654640901545 0.36086988016248467
39 0.7192622462975746 0.5136131881718737 0.1321314311289007 0.09218034351781845
31 0.12035587211819415 0.85145344867296 0.16333956872516775 0.29709310265407995
74 0.08264335670181364 0.16433006057705765 0.16528671340362727 0.2475092207050829
74 0.4572576139161387 0.11733045965495895 0.2974476598001705 0.2346609193099179
74 0.8117340010953342 0.11251542964992076 0.2526383186430282 0.2250308592998415
17 0.22862519682522853 0.2483685458691566 0.1086451850671506 0.08622568663149272